0	455	908	995	980
0	455	1040	999	1128
0	539	1536	917	1609
0	521	1727	935	1799
0	258	274	540	304
0	557	276	596	302
0	354	325	396	351
0	532	325	555	346
0	792	325	886	351
0	196	333	211	352
0	444	374	468	395
0	644	381	659	400
0	228	422	311	451
0	727	422	810	451
0	848	430	863	449
0	776	471	863	500
0	959	480	974	500
0	683	515	856	551
0	1122	519	1212	549
0	1252	528	1266	548
0	808	618	894	647
0	933	627	948	647
0	774	667	834	690
0	950	668	1038	697
0	360	669	392	690
0	510	677	525	697
0	802	768	826	789
0	435	824	451	843
0	468	1149	549	1177
0	634	1198	721	1228
0	901	1207	916	1226
0	564	1247	646	1277
0	738	1257	753	1276
0	593	1628	766	1665
