0	345	1367	1095	1434
0	893	379	908	391
0	736	431	757	453
0	1112	432	1140	448
0	925	466	940	478
0	865	738	940	764
0	952	740	1012	758
0	1063	796	1138	822
0	757	855	832	879
0	832	910	885	931
0	903	914	1052	936
0	861	942	936	966
0	303	974	331	989
0	529	1002	550	1020
0	606	1002	627	1020
0	442	1008	455	1020
0	1100	1029	1132	1047
0	1014	1036	1026	1047
0	967	1057	1140	1077
0	768	1060	789	1078
0	412	1061	474	1080
0	786	1088	807	1106
0	865	1088	888	1106
0	676	1118	695	1136
0	992	1147	1024	1169
0	838	1175	909	1194
0	566	1205	620	1227
0	334	1206	361	1222
0	1040	1241	1061	1252
0	937	1259	1018	1285
0	380	1294	420	1310
0	496	1461	511	1479
0	582	1461	652	1483
0	945	1461	999	1483
0	800	1489	881	1510
0	1006	1519	1087	1540
