0	736	314	756	336
0	1112	317	1140	333
0	988	345	1015	361
0	1055	415	1070	427
0	368	439	394	455
0	989	439	1014	455
0	528	474	543	485
0	765	525	785	546
0	622	533	638	545
0	303	584	323	605
0	556	584	595	605
0	937	613	976	634
0	399	643	426	665
0	559	643	579	664
0	1006	643	1026	664
0	1104	672	1132	688
0	612	678	627	690
0	730	702	755	718
0	569	758	633	779
0	1004	795	1018	806
0	721	823	736	834
0	524	852	539	864
0	784	876	811	891
0	775	997	836	1021
0	979	1000	1007	1016
0	746	1035	761	1046
0	1125	1056	1140	1078
0	578	1093	593	1104
0	752	1312	764	1324
0	754	1335	788	1357
0	681	1429	696	1441
0	431	1516	446	1527
0	588	1540	615	1556
