0	362	411	1086	489
0	353	608	1092	691
0	487	777	962	815
0	303	905	1142	989
0	643	1189	805	1233
0	297	1420	1099	1486
0	283	357	411	386
0	454	357	582	386
0	838	518	943	547
0	315	848	473	879
0	536	849	678	879
0	315	1019	546	1060
0	563	1026	791	1064
0	1090	1097	1145	1133
0	457	1137	473	1158
0	573	1261	701	1291
0	1059	1261	1187	1291
0	330	1264	425	1291
0	763	1264	912	1291
0	330	1329	356	1353
0	922	1332	1027	1362
0	674	1334	705	1355
0	1024	1367	1152	1397
0	840	1369	871	1390
0	905	1727	957	1750
0	1026	1727	1068	1750
