0	678	305	814	336
0	585	472	907	532
0	682	624	808	668
0	682	695	808	739
0	619	755	872	799
0	636	1026	854	1069
0	585	1257	907	1317
0	585	1555	897	1588
0	668	1737	821	1778
0	794	380	820	392
0	925	410	966	443
0	1024	410	1041	439
0	765	558	788	587
0	573	566	663	595
0	999	823	1022	852
0	174	915	197	944
0	861	915	884	944
0	1027	1149	1044	1178
0	1182	1149	1223	1182
0	828	1343	851	1372
0	533	1389	556	1418
0	256	1396	344	1425
0	888	1444	911	1465
0	431	1481	482	1510
0	209	1489	235	1510
0	657	1489	683	1510
0	353	1626	404	1654
0	1061	1626	1112	1654
0	1151	1633	1178	1654
0	642	1673	665	1701
