0	610	618	837	681
0	451	885	992	912
0	548	1332	896	1364
0	345	1543	1057	1574
0	456	1640	985	1671
0	1090	367	1140	393
0	968	369	984	387
0	913	423	1030	451
0	454	453	604	482
0	776	455	939	479
0	510	484	594	506
0	837	484	912	506
0	970	484	1047	508
0	600	514	620	536
0	1078	514	1091	532
0	430	541	517	569
0	876	542	901	560
0	954	542	1011	561
0	708	573	724	591
0	374	695	426	719
0	1001	695	1021	719
0	724	695	744	713
0	402	781	452	807
0	530	782	545	804
0	543	811	727	835
0	795	811	834	835
0	936	937	952	953
0	1026	967	1042	985
0	430	1060	471	1072
0	384	1110	434	1136
0	578	1110	710	1136
0	1046	1110	1132	1136
0	1093	1140	1109	1158
0	610	1147	625	1159
0	775	1147	790	1159
0	303	1170	364	1192
0	789	1170	817	1191
0	1125	1175	1140	1187
0	675	1193	1141	1226
0	303	1223	331	1260
0	922	1226	954	1255
0	544	1232	590	1252
0	824	1233	883	1257
0	592	1292	608	1310
0	341	1385	577	1413
0	632	1386	985	1410
0	353	1415	413	1439
0	859	1445	999	1469
0	303	1472	343	1493
0	1036	1474	1132	1495
0	767	1475	794	1496
0	521	1481	536	1493
0	312	1607	333	1618
0	937	1686	1139	1708
0	303	1713	443	1735
0	561	1711	1139	1735
0	386	1741	838	1763
