0	694	467	867	500
0	670	630	890	666
0	692	1139	868	1177
0	692	1360	868	1398
0	657	1605	899	1649
0	654	1676	908	1720
0	689	1736	872	1780
0	1008	356	1089	385
0	1282	359	1306	380
0	454	547	482	568
0	556	547	572	568
0	328	697	379	726
0	472	857	511	878
0	614	857	653	878
0	1104	857	1194	886
0	525	902	616	931
0	1068	903	1113	927
0	680	985	731	1014
0	802	994	828	1015
0	1038	994	1077	1015
0	881	1054	932	1083
0	593	1063	617	1084
0	1203	1282	1320	1311
0	245	1327	333	1356
0	917	1434	1049	1460
0	328	1441	354	1454
0	1167	1495	1193	1524
0	861	1504	885	1525
