0	588	821	903	859
0	405	1606	1087	1645
0	883	463	910	484
0	625	508	649	529
0	1090	508	1245	529
0	237	551	317	581
0	696	553	770	575
0	463	555	493	579
0	986	601	1122	622
0	591	644	709	674
0	862	644	913	674
0	354	645	366	666
0	408	645	432	666
0	436	692	466	718
0	1172	736	1222	759
0	810	894	860	917
0	256	896	350	925
0	924	905	950	925
0	966	905	992	925
0	1207	941	1313	965
0	609	942	840	971
0	678	991	787	1011
0	393	1035	420	1056
0	658	1043	684	1062
0	702	1043	727	1062
0	398	1080	422	1101
0	251	1122	301	1146
0	375	1122	425	1146
0	529	1127	622	1148
0	912	1133	938	1152
0	955	1133	981	1152
0	1208	1170	1271	1200
0	285	1215	582	1245
0	689	1216	761	1245
0	174	1217	194	1238
0	748	1261	825	1290
0	267	1263	297	1284
0	876	1263	897	1284
0	174	1306	368	1337
0	887	1306	1174	1337
0	1236	1307	1313	1337
0	626	1317	698	1336
0	1226	1352	1258	1375
0	915	1361	941	1381
0	1005	1361	1031	1381
0	174	1397	205	1420
0	968	1446	993	1467
0	1000	1446	1026	1467
0	1034	1446	1053	1467
0	1116	1446	1142	1467
0	1196	1446	1304	1467
0	318	1489	402	1512
0	174	1492	253	1519
0	404	1540	499	1567
0	961	1679	1025	1695
0	914	1685	927	1697
0	200	1714	266	1738
0	615	1714	699	1738
0	303	1717	326	1733
0	969	1717	986	1733
0	609	1751	681	1772
0	283	1753	337	1777
