0	393	432	1053	493
0	334	823	1110	883
0	420	944	1022	998
0	499	1308	939	1372
0	440	1480	1003	1624
0	814	351	835	363
0	715	371	807	398
0	1023	371	1115	398
0	352	379	362	391
0	1002	536	1132	562
0	680	538	708	559
0	758	538	786	559
0	374	566	507	592
0	690	567	717	591
0	603	594	736	620
0	869	624	1105	648
0	853	653	863	671
0	922	684	949	707
0	431	713	444	729
0	374	916	471	937
0	744	1012	780	1047
0	648	1016	689	1047
0	303	1050	365	1068
0	916	1412	1059	1448
0	398	1424	429	1445
0	843	1424	860	1442
0	303	1449	500	1476
0	303	1659	709	1688
0	805	1665	857	1679
0	303	1690	479	1719
0	723	1690	898	1719
