0	413	561	1032	598
0	340	726	1060	804
0	362	902	1041	974
0	413	1073	1032	1111
0	503	1239	937	1274
0	814	311	874	340
0	669	316	687	334
0	588	345	606	363
0	622	408	638	424
0	614	438	629	450
0	303	461	343	479
0	903	461	933	479
0	444	485	654	515
0	697	490	717	508
0	328	623	761	650
0	944	624	993	650
0	838	626	854	644
0	303	685	318	701
0	722	830	779	857
0	368	1001	498	1027
0	894	1001	987	1027
0	1041	1001	1073	1027
0	626	1028	643	1049
0	531	1031	550	1049
0	324	1135	743	1163
0	833	1165	881	1189
0	303	1300	470	1327
0	599	1300	918	1327
0	1111	1309	1124	1325
0	303	1362	367	1383
0	303	1418	345	1442
0	757	1420	820	1441
0	543	1666	694	1693
0	917	1667	1138	1695
0	430	1668	528	1692
0	754	1668	769	1690
0	693	1717	742	1737
0	1033	1718	1139	1734
0	303	1741	375	1757
