0	126	139	1281	382
0	237	459	1158	531
0	247	618	1153	684
0	170	951	1184	1127
0	374	1207	1018	1344
0	416	1437	983	1482
0	307	1552	1064	1643
0	430	1723	971	1789
0	194	410	228	431
0	645	562	673	586
0	944	565	1079	594
0	553	567	594	594
0	611	574	628	587
0	746	574	761	587
0	111	715	154	739
0	613	715	844	745
0	862	715	1293	746
0	725	753	953	784
0	973	755	1009	781
0	166	762	187	775
0	237	788	282	817
0	343	789	388	817
0	879	790	909	810
0	1130	821	1170	852
0	1239	821	1276	852
0	586	824	622	850
0	111	825	147	845
0	817	855	1275	888
0	523	859	560	880
0	194	1153	352	1182
0	240	1367	288	1405
0	418	1371	467	1406
0	305	1374	354	1403
0	194	1377	223	1403
0	308	1666	358	1695
0	194	1667	244	1693
0	803	1667	844	1688
0	910	1675	931	1687
