0	342	387	1054	449
0	326	544	1070	623
0	418	690	1028	777
0	303	845	1095	993
0	545	1242	898	1308
0	480	1523	960	1631
0	436	1703	1004	1760
0	901	316	941	334
0	1052	345	1127	366
0	399	804	413	822
0	312	1012	328	1028
0	656	1019	817	1035
0	779	1039	860	1063
0	439	1043	447	1058
0	503	1047	515	1058
0	514	1070	620	1092
0	685	1076	698	1088
0	383	1122	470	1154
0	526	1122	697	1159
0	760	1135	826	1154
0	871	1137	892	1156
0	763	1161	891	1196
0	378	1172	416	1193
0	331	1173	339	1188
0	487	1178	500	1190
0	906	1200	933	1218
0	795	1335	819	1353
0	861	1335	888	1353
0	303	1361	558	1388
0	1000	1363	1014	1381
0	484	1389	591	1416
0	1041	1393	1056	1415
0	1013	1419	1132	1446
0	652	1447	679	1468
0	622	1452	635	1470
0	465	1478	648	1505
0	846	1480	909	1498
0	386	1647	750	1685
0	303	1693	310	1705
