0	947	388	1019	414
0	1023	422	1105	451
0	543	458	635	486
0	522	493	561	514
0	285	528	380	555
0	443	530	458	550
0	1139	634	1194	655
0	997	662	1186	695
0	734	807	877	837
0	439	880	522	901
0	283	916	362	937
0	782	984	844	1013
0	935	985	958	1006
0	382	1020	409	1041
0	730	1020	753	1041
0	898	1020	921	1041
0	1021	1020	1048	1041
0	609	1055	635	1076
0	638	1087	778	1119
0	817	1091	840	1112
0	281	1162	304	1183
0	759	1195	902	1224
0	331	1227	556	1258
0	971	1440	1114	1469
0	1140	1444	1194	1470
0	250	1479	291	1505
0	250	1511	400	1540
0	980	1511	1187	1541
0	1093	1582	1121	1611
0	613	1583	643	1604
0	667	1583	851	1609
0	484	1616	724	1646
0	925	1616	1030	1646
0	322	1650	350	1681
0	1083	1709	1194	1735
