0	659	367	831	404
0	678	632	811	669
0	609	700	883	737
0	614	757	876	794
0	630	953	861	990
0	665	1216	827	1253
0	585	1284	907	1321
0	665	1343	827	1380
0	653	1512	838	1548
0	657	1743	832	1780
0	889	279	913	306
0	606	284	688	313
0	994	285	1020	306
0	382	430	410	457
0	767	430	840	463
0	909	430	974	463
0	484	431	501	455
0	1030	437	1152	463
0	416	484	432	506
0	240	489	255	508
0	514	524	604	554
0	333	526	364	547
0	1057	526	1084	547
0	853	527	932	550
0	174	573	198	594
0	485	573	516	594
0	683	823	771	852
0	968	825	1027	846
0	1102	825	1128	846
0	487	1028	529	1041
0	676	1028	702	1041
0	514	1067	574	1088
0	470	1073	496	1086
0	922	1073	948	1086
0	467	1112	491	1133
0	611	1112	641	1133
0	565	1157	625	1178
0	236	1164	278	1177
0	802	1404	825	1428
0	884	1411	944	1432
0	275	1455	301	1476
0	174	1591	200	1612
0	1101	1591	1127	1612
0	776	1594	852	1615
0	258	1635	466	1664
