0	402	929	1043	964
0	460	1036	986	1071
0	331	1352	1058	1388
0	383	553	496	581
0	867	555	977	582
0	1040	556	1132	582
0	763	564	777	576
0	365	583	493	611
0	763	586	787	607
0	694	593	708	605
0	499	611	523	640
0	933	611	957	640
0	578	618	613	636
0	578	647	602	669
0	992	654	1006	665
0	861	673	990	701
0	398	684	411	699
0	617	703	879	732
0	499	705	561	724
0	417	706	436	722
0	957	706	1030	724
0	925	731	1038	759
0	674	734	743	760
0	1016	761	1040	790
0	424	763	661	791
0	715	792	826	820
0	891	796	983	820
0	624	797	638	815
0	812	822	953	853
0	1039	826	1140	853
0	303	855	459	883
0	1129	860	1138	875
0	896	890	905	905
0	382	1103	391	1118
0	444	1107	456	1118
0	1073	1107	1088	1118
0	668	1127	779	1155
0	858	1129	951	1155
0	303	1157	345	1183
0	404	1157	450	1183
0	994	1165	1008	1177
0	546	1187	697	1213
0	837	1214	1080	1249
0	917	1250	1090	1274
0	577	1251	707	1273
0	792	1251	851	1273
0	303	1280	470	1304
0	510	1307	645	1334
0	606	1412	748	1440
0	404	1472	507	1498
0	612	1473	708	1499
