0	320	510	931	575
0	320	862	846	943
0	320	1226	986	1343
0	629	361	657	387
0	1164	367	1193	388
0	799	393	897	422
0	597	430	669	458
0	341	603	366	624
0	895	704	1045	743
0	321	707	407	736
0	730	710	876	739
0	372	746	458	775
0	724	746	794	775
0	1145	747	1195	768
0	536	783	608	809
0	884	961	1193	992
0	531	963	554	990
0	250	997	279	1027
0	801	1042	818	1062
0	250	1068	678	1098
0	1010	1101	1187	1131
0	854	1103	940	1132
0	564	1105	595	1126
0	250	1136	390	1166
0	483	1139	498	1160
0	1068	1139	1165	1160
0	444	1401	460	1422
0	651	1541	779	1570
0	877	1611	893	1632
0	449	1683	473	1710
0	531	1717	547	1738
0	1052	1718	1088	1747
