0	360	541	1043	597
0	552	715	894	746
0	305	860	1138	942
0	345	1215	1095	1353
0	316	1609	1085	1653
0	1064	476	1078	494
0	365	506	441	527
0	734	506	748	524
0	920	644	1132	671
0	813	645	901	671
0	312	772	331	790
0	1078	772	1098	790
0	373	975	442	996
0	557	975	637	994
0	653	977	676	997
0	817	1029	997	1056
0	581	1031	672	1055
0	700	1035	764	1055
0	1072	1035	1132	1051
0	364	1061	447	1087
0	562	1069	587	1084
0	812	1089	1034	1115
0	756	1119	925	1145
0	941	1127	957	1142
0	303	1179	317	1197
0	337	1463	351	1481
0	985	1492	997	1510
0	340	1552	363	1572
0	660	1678	670	1688
0	824	1699	851	1715
0	476	1702	486	1713
