0	578	342	864	421
0	528	583	916	661
0	411	780	1025	859
0	483	912	961	991
0	610	1355	833	1396
0	561	1419	888	1458
0	422	1549	1022	1586
0	458	1674	989	1765
0	295	438	492	465
0	510	438	650	465
0	652	471	712	500
0	463	530	632	559
0	739	690	797	713
0	250	727	419	756
0	250	888	419	918
0	337	1196	389	1226
0	410	1196	462	1226
0	839	1201	855	1217
0	804	1205	819	1218
0	250	1229	292	1260
0	569	1233	593	1254
0	250	1263	423	1294
0	722	1264	812	1296
0	965	1266	1055	1296
0	561	1489	582	1510
0	838	1613	919	1645
0	478	1617	519	1646
