0	662	277	816	363
0	450	439	1073	652
0	389	1140	1138	1297
0	285	1591	1196	1689
0	757	693	819	722
0	327	694	354	718
0	372	694	399	718
0	416	694	444	718
0	509	694	537	718
0	657	741	680	762
0	758	741	841	763
0	1038	741	1099	770
0	885	831	913	863
0	410	886	434	910
0	455	886	479	910
0	550	886	574	910
0	454	1029	536	1058
0	1028	1029	1112	1058
0	635	1031	660	1055
0	732	1031	755	1052
0	912	1031	987	1053
0	610	1077	692	1107
0	476	1078	545	1107
0	744	1080	861	1106
0	610	1335	694	1366
0	711	1335	795	1366
0	858	1335	942	1366
0	1218	1385	1290	1414
0	247	1432	319	1461
0	1058	1480	1205	1511
0	255	1480	327	1510
