0	477	318	956	551
0	259	1039	1134	1105
0	229	1256	1158	1399
0	227	1583	1230	1664
0	1133	226	1208	247
0	746	229	771	247
0	827	229	852	247
0	1149	254	1177	277
0	1047	256	1074	278
0	1097	256	1125	278
0	278	258	363	279
0	678	262	692	278
0	337	289	406	311
0	290	566	320	588
0	384	566	415	588
0	416	604	431	622
0	936	634	1022	655
0	393	670	418	688
0	476	670	502	688
0	1158	729	1208	756
0	622	968	736	995
0	757	968	872	995
0	282	1002	310	1025
0	875	1187	1048	1216
0	641	1189	810	1216
0	962	1417	977	1437
0	303	1423	315	1435
0	880	1423	905	1439
0	1125	1449	1164	1476
0	556	1451	580	1474
0	551	1480	602	1508
0	1141	1486	1157	1502
0	1062	1489	1079	1501
0	858	1519	872	1535
0	784	1523	798	1535
