0	431	412	1016	458
0	577	636	870	714
0	408	816	1038	982
0	458	1062	989	1140
0	591	322	664	351
0	947	322	1020	351
0	1082	322	1155	351
0	395	476	725	507
0	510	514	569	543
0	957	514	1016	543
0	779	549	852	578
0	318	551	346	571
0	333	730	610	766
0	880	736	952	766
0	331	1003	426	1039
0	408	1168	506	1204
0	789	1172	827	1202
0	1157	1173	1196	1202
0	983	1183	1000	1202
0	1007	1209	1080	1238
0	599	1210	628	1231
0	423	1244	495	1273
0	712	1517	784	1546
0	607	1550	664	1579
0	250	1586	284	1609
0	1161	1586	1195	1609
0	1128	1623	1194	1652
0	1128	1658	1194	1687
0	1100	1728	1165	1758
0	646	1729	685	1750
0	250	1730	279	1750
