0	420	993	1046	1071
0	588	1159	883	1192
0	309	1325	1111	1417
0	651	1564	814	1627
0	593	1768	876	1840
0	1174	185	1204	208
0	911	634	941	655
0	765	635	780	655
0	140	701	304	728
0	934	806	965	829
0	1217	809	1248	830
0	1170	851	1185	871
0	299	876	729	907
0	689	911	794	942
0	579	912	642	942
0	955	912	1107	942
0	1169	912	1322	942
0	221	951	298	972
0	223	1093	271	1117
0	862	1093	892	1117
0	1199	1095	1329	1124
0	195	1130	325	1159
0	520	1210	839	1241
0	829	1247	1343	1277
0	140	1282	309	1312
0	885	1429	977	1453
0	372	1464	470	1490
0	738	1498	866	1530
0	240	1500	299	1530
0	526	1503	688	1525
0	462	1641	522	1670
0	907	1677	934	1698
0	647	1710	809	1739
0	922	1712	948	1733
0	1277	1712	1300	1733
0	555	1713	571	1733
