0	396	369	1050	612
0	376	783	1066	947
0	606	1070	843	1135
0	525	1167	922	1245
0	250	634	415	664
0	934	634	1006	663
0	375	666	867	696
0	413	970	497	1005
0	851	970	1193	1005
0	503	1011	576	1041
0	250	1263	316	1293
0	757	1263	829	1293
0	802	1301	881	1327
0	895	1330	964	1362
0	507	1334	573	1363
0	564	1371	644	1395
0	250	1406	265	1426
0	709	1542	781	1571
0	951	1577	1017	1607
0	434	1613	531	1643
0	916	1613	988	1643
0	250	1649	472	1678
0	922	1651	951	1671
0	366	1684	438	1713
0	723	1684	964	1713
0	1056	1684	1111	1713
0	395	1728	411	1741
