0	608	235	849	278
0	563	360	893	429
0	617	871	839	909
0	516	1002	936	1069
0	334	1146	1121	1216
0	452	306	483	329
0	699	499	729	522
0	669	544	898	573
0	949	629	979	653
0	991	685	1009	698
0	284	719	337	748
0	1052	719	1270	748
0	256	763	310	792
0	495	763	619	792
0	682	763	897	792
0	1103	763	1270	792
0	660	806	722	836
0	608	944	638	973
0	991	944	1014	973
0	1260	1253	1278	1266
0	212	1332	270	1362
0	297	1376	508	1405
0	1018	1376	1139	1405
0	821	1419	949	1449
0	1017	1419	1145	1449
0	934	1464	1009	1491
0	174	1549	413	1579
0	711	1549	816	1579
0	968	1592	998	1615
0	564	1641	708	1664
0	618	1678	927	1709
0	174	1724	232	1754
0	296	1724	415	1754
0	647	1734	695	1747
0	800	1734	817	1747
0	1202	1808	1229	1829
0	808	1813	869	1829
0	447	1838	479	1859
