0	420	285	452	308
0	312	354	342	377
0	483	359	498	379
0	703	424	733	447
0	873	430	888	449
0	900	531	931	554
0	1067	534	1082	554
0	1068	567	1128	596
0	487	569	502	589
0	328	635	359	658
0	1107	640	1122	660
0	577	705	676	732
0	638	777	670	800
0	413	815	429	835
0	646	951	677	974
0	815	956	830	976
0	985	1024	1045	1053
0	656	1057	698	1080
0	253	1068	270	1081
0	441	1094	520	1123
0	875	1129	935	1158
0	823	1163	853	1186
0	258	1164	317	1194
0	788	1273	803	1293
0	1062	1303	1104	1326
0	354	1375	413	1404
0	644	1375	723	1404
0	867	1375	946	1404
0	570	1409	612	1432
0	837	1409	867	1432
0	996	1445	1075	1475
0	551	1584	582	1607
0	714	1589	729	1609
0	541	1640	569	1661
0	338	1697	366	1718
0	1014	1760	1041	1778
0	140	1789	153	1804
