0	596	482	852	549
0	603	949	844	1035
0	641	1074	807	1114
0	634	1190	807	1229
0	608	1430	840	1469
0	544	322	616	351
0	457	357	512	386
0	700	357	772	386
0	531	393	590	423
0	1045	396	1075	416
0	361	428	418	458
0	1049	579	1195	608
0	452	650	507	680
0	465	686	579	715
0	352	721	449	750
0	497	721	613	750
0	640	755	713	784
0	1050	758	1126	782
0	1138	859	1193	888
0	581	891	618	918
0	902	896	959	926
0	929	1137	1001	1166
0	1052	1260	1089	1287
0	443	1263	481	1293
0	934	1267	958	1288
0	913	1295	949	1322
0	954	1333	1127	1365
0	547	1335	619	1365
0	687	1335	759	1365
0	726	1369	792	1399
0	858	1369	923	1399
0	343	1491	409	1520
0	947	1491	1020	1520
0	250	1494	279	1515
0	499	1526	571	1555
0	1036	1526	1108	1555
0	757	1562	829	1591
0	500	1597	573	1626
0	802	1597	868	1626
0	250	1634	279	1654
0	999	1634	1027	1654
0	988	1667	1047	1697
0	701	1668	724	1689
