0	332	1021	1159	1330
0	681	499	746	525
0	951	761	1169	804
0	765	869	920	898
0	521	905	676	935
0	769	907	855	928
0	725	1346	763	1377
0	802	1350	881	1371
0	925	1384	1004	1413
0	707	1386	813	1410
0	407	1417	439	1448
0	819	1420	851	1449
0	250	1420	390	1446
0	869	1421	993	1445
0	1055	1454	1199	1483
0	250	1455	288	1484
0	568	1455	724	1484
0	566	1487	704	1514
0	250	1489	358	1518
0	745	1489	824	1518
0	375	1490	400	1511
0	1070	1557	1108	1588
0	294	1616	360	1640
0	804	1617	828	1638
0	844	1617	867	1638
0	923	1617	944	1638
0	544	1644	610	1668
0	250	1704	273	1720
0	724	1734	732	1750
0	627	1735	651	1755
