0	274	406	1161	505
0	552	995	883	1048
0	516	1240	933	1296
0	614	1394	824	1431
0	331	1532	1043	1588
0	341	525	652	561
0	959	525	1198	561
0	680	527	931	557
0	250	561	321	596
0	393	562	663	592
0	1019	564	1091	593
0	508	599	1078	628
0	309	633	593	664
0	779	633	1195	664
0	250	668	673	699
0	250	701	992	741
0	1081	710	1095	737
0	281	743	534	785
0	781	746	1202	785
0	250	783	731	823
0	1172	789	1193	828
0	250	824	1115	863
0	567	872	640	902
0	936	872	1008	902
0	820	907	892	937
0	319	942	391	972
0	619	1080	664	1104
0	1109	1080	1150	1104
0	696	1116	932	1146
0	487	1118	544	1147
0	968	1118	1041	1147
0	1086	1153	1159	1182
0	712	1155	738	1176
0	643	1334	718	1358
0	363	1452	435	1481
0	992	1454	1018	1475
0	1111	1618	1204	1653
0	416	1624	488	1653
0	553	1624	625	1653
0	667	1624	739	1653
0	879	1624	951	1653
0	250	1653	309	1688
0	636	1660	662	1681
0	383	1695	409	1716
