0	327	365	1166	601
0	273	1057	1167	1268
0	307	1432	1086	1473
0	511	1633	935	1674
0	1052	618	1129	647
0	780	651	1040	687
0	250	652	412	682
0	981	688	1023	717
0	881	726	978	755
0	1015	727	1187	753
0	556	758	684	788
0	250	761	349	790
0	803	761	872	788
0	918	761	987	788
0	386	762	510	782
0	479	791	928	826
0	1089	796	1103	817
0	386	829	451	859
0	1027	829	1132	859
0	761	900	776	921
0	406	1004	560	1033
0	784	1004	826	1033
0	845	1004	888	1033
0	932	1004	975	1033
0	483	1506	503	1527
0	575	1506	595	1527
0	386	1729	540	1755
