0	608	355	838	394
0	454	461	990	556
0	456	707	988	794
0	631	869	816	902
0	547	1076	898	1107
0	316	1179	1097	1211
0	579	1227	862	1263
0	591	1272	845	1309
0	599	1316	842	1351
0	483	1358	959	1394
0	588	1400	852	1437
0	658	1478	786	1507
0	510	1687	934	1769
0	884	635	919	666
0	1035	635	1071	666
0	876	821	912	844
0	970	918	1065	939
0	521	949	688	975
0	451	957	466	969
0	349	985	365	997
0	787	1028	814	1049
0	625	1031	664	1054
0	388	1455	447	1476
0	487	1455	546	1476
0	756	1565	795	1589
0	607	1617	647	1640
0	1082	1617	1100	1633
