0	530	860	927	946
0	682	274	735	304
0	465	275	558	297
0	923	276	958	302
0	465	319	555	348
0	813	319	967	350
0	420	363	563	393
0	928	372	942	385
0	174	499	264	528
0	266	544	345	565
0	349	635	443	656
0	249	715	326	748
0	581	723	608	744
0	285	766	642	796
0	1192	768	1278	789
0	227	812	280	841
0	1104	974	1188	1000
0	407	1019	434	1040
0	965	1019	1005	1040
0	420	1053	616	1094
0	617	1152	862	1181
0	910	1152	1271	1181
0	972	1206	997	1224
0	383	1285	598	1315
0	223	1463	352	1492
0	1160	1608	1278	1632
0	577	1640	600	1658
