0	425	293	983	375
0	444	531	965	683
0	469	1038	939	1103
0	349	1204	1067	1270
0	447	1481	967	1546
0	995	215	1032	233
0	1097	215	1135	233
0	199	405	241	431
0	733	413	861	432
0	119	732	172	762
0	326	983	432	1009
0	505	983	714	1016
0	801	985	971	1015
0	202	1123	273	1150
0	307	1301	391	1328
0	1013	1308	1030	1321
0	1269	1308	1284	1328
0	1021	1329	1260	1369
0	241	1335	312	1362
0	205	1577	388	1609
0	870	1581	949	1607
0	1205	1581	1282	1601
0	1066	1615	1100	1641
0	492	1651	560	1675
0	211	1685	226	1706
0	1025	1685	1072	1711
0	306	1718	398	1748
