0	393	1035	1028	1114
0	544	1190	876	1257
0	372	1344	1050	1384
0	1123	270	1155	291
0	900	473	982	494
0	994	482	1011	495
0	791	516	862	537
0	872	524	889	537
0	1062	676	1183	705
0	309	678	332	699
0	487	678	511	699
0	741	678	764	699
0	1169	715	1243	746
0	745	720	768	741
0	256	757	295	781
0	627	762	650	783
0	1091	942	1121	963
0	1228	950	1244	970
0	592	983	707	1013
0	320	985	344	1006
0	229	985	245	1005
0	894	1286	1001	1314
0	1127	1429	1244	1467
0	947	1437	1063	1466
0	757	1605	872	1635
0	334	1640	450	1678
