0	534	152	913	218
0	370	287	1088	368
0	557	480	894	631
0	477	741	972	819
0	216	999	1159	1112
0	225	1539	1150	1731
0	1058	103	1084	125
0	974	105	992	126
0	264	430	354	459
0	452	660	524	681
0	368	689	444	716
0	614	692	640	716
0	256	847	287	871
0	360	847	392	871
0	512	847	595	868
0	266	880	297	902
0	615	880	893	908
0	171	883	201	903
0	430	917	502	938
0	768	917	840	938
0	629	952	690	973
0	1137	1139	1277	1161
0	256	1140	276	1161
0	350	1140	373	1161
0	435	1140	524	1161
0	816	1140	836	1161
0	171	1173	325	1196
0	698	1210	770	1231
0	274	1246	350	1267
0	858	1317	930	1338
0	334	1349	360	1372
0	294	1386	514	1407
0	588	1454	659	1478
0	901	1457	974	1478
