0	564	327	928	371
0	555	573	930	612
0	638	765	848	795
0	588	890	898	921
0	594	1076	924	1222
0	378	1588	1146	1688
0	518	212	539	241
0	1078	212	1157	249
0	429	220	450	241
0	1291	220	1314	241
0	882	251	903	279
0	795	258	816	279
0	298	292	321	313
0	343	387	420	423
0	258	390	281	414
0	1184	390	1207	414
0	939	395	962	416
0	857	427	1030	456
0	1052	427	1225	456
0	368	429	391	450
0	1071	463	1094	484
0	1292	463	1313	484
0	232	489	253	518
0	791	497	814	518
0	1291	497	1314	518
0	988	525	1009	554
0	790	533	813	554
0	1180	658	1203	687
0	1085	666	1109	687
0	653	698	677	727
0	693	698	839	726
0	1164	700	1198	724
0	655	811	678	832
0	752	811	784	835
0	1261	811	1319	835
0	174	845	265	869
0	795	941	896	972
0	279	942	365	963
0	497	942	591	966
0	1291	942	1314	963
0	1080	973	1121	1004
0	972	1011	1006	1035
0	1071	1011	1103	1040
0	331	1227	355	1265
0	243	1235	263	1261
0	723	1235	755	1261
0	824	1235	856	1264
0	1291	1269	1314	1290
0	359	1301	460	1332
0	645	1335	669	1364
0	849	1338	1053	1369
0	366	1343	390	1364
0	1101	1343	1196	1367
0	379	1371	418	1403
0	470	1371	645	1408
0	905	1371	937	1403
0	1005	1379	1037	1403
0	283	1410	489	1443
0	319	1442	416	1475
0	702	1453	725	1474
0	890	1487	1000	1511
0	1019	1487	1129	1516
0	1046	1521	1069	1542
0	851	1550	935	1581
0	377	1555	400	1576
0	954	1555	1026	1581
