0	600	142	850	186
0	593	232	855	305
0	289	362	1155	475
0	643	570	802	666
0	199	799	1184	913
0	568	1113	871	1212
0	238	1405	1151	1730
0	494	65	564	89
0	902	66	989	96
0	171	103	279	132
0	769	319	842	348
0	1071	495	1179	524
0	204	686	306	713
0	404	686	429	710
0	973	686	1002	710
0	1067	686	1106	710
0	491	697	514	715
0	814	721	928	752
0	452	757	563	783
0	1024	933	1138	964
0	517	1004	576	1033
0	1082	1039	1140	1068
0	779	1223	887	1254
0	692	1260	781	1281
0	1022	1263	1037	1283
0	786	1294	859	1323
0	512	1332	604	1353
0	794	1363	911	1391
