0	188	841	1205	935
0	174	1192	1294	1422
0	864	193	951	211
0	1199	220	1263	247
0	937	222	1069	249
0	611	248	800	287
0	839	299	879	320
0	982	327	1040	354
0	1157	327	1216	348
0	174	328	247	352
0	686	334	702	347
0	571	370	591	388
0	1142	431	1165	452
0	476	439	502	457
0	750	465	803	494
0	1019	467	1042	488
0	636	474	676	495
0	800	498	1085	535
0	752	535	1015	573
0	481	543	504	564
0	682	610	710	634
0	414	642	697	679
0	812	644	841	670
0	901	685	924	706
0	391	719	419	740
0	640	720	661	741
0	1079	720	1163	747
0	832	727	853	745
0	925	727	949	748
0	229	755	304	782
0	409	755	438	776
0	678	763	710	781
0	826	763	846	781
0	647	789	670	810
0	1243	960	1271	982
0	839	994	867	1016
0	304	996	327	1017
0	754	996	777	1017
0	1143	1003	1175	1021
0	208	1038	229	1056
0	576	1064	605	1086
0	828	1067	851	1088
0	1025	1073	1046	1092
0	1122	1073	1169	1094
0	656	1102	781	1125
0	540	1129	824	1167
0	174	1137	195	1158
0	907	1144	927	1163
0	1029	1144	1077	1165
0	455	1498	502	1519
0	562	1498	582	1517
0	588	1525	616	1546
0	499	1526	520	1547
0	779	1533	799	1552
0	905	1533	953	1554
0	905	1560	933	1582
0	783	1562	804	1583
0	1244	1594	1264	1615
0	541	1746	687	1773
0	824	1746	964	1773
0	174	1775	415	1812
