0	479	219	917	280
0	530	738	915	779
0	589	839	859	878
0	559	1164	889	1202
0	463	66	612	96
0	258	69	334	90
0	950	70	980	90
0	243	100	266	124
0	652	100	678	124
0	171	138	279	167
0	508	139	579	160
0	556	299	887	331
0	253	301	312	331
0	383	336	471	366
0	171	371	231	401
0	979	384	996	398
0	926	407	944	428
0	367	522	496	558
0	990	615	1098	645
0	632	617	696	638
0	571	652	655	673
0	245	948	261	962
0	1258	948	1274	962
0	1141	971	1165	992
0	299	1002	336	1026
0	600	1039	681	1060
0	338	1352	410	1373
0	781	1511	856	1532
0	1060	1631	1129	1649
0	741	1659	834	1683
0	1138	1659	1230	1683
