0	413	454	1036	558
0	263	1176	1254	1464
0	273	1608	1195	1805
0	432	263	453	281
0	174	289	341	318
0	451	327	474	348
0	742	327	759	348
0	768	360	1199	392
0	575	362	596	383
0	174	370	283	389
0	435	393	661	425
0	844	396	867	417
0	331	405	347	424
0	831	574	981	612
0	631	577	700	601
0	258	582	268	609
0	1057	590	1073	609
0	667	624	684	638
0	926	625	941	644
0	174	652	211	676
0	568	679	787	716
0	1093	687	1116	708
0	790	860	843	890
0	1221	863	1271	892
0	1082	871	1166	892
0	646	897	761	926
0	1141	897	1258	927
0	529	898	546	925
0	382	1026	677	1056
0	1082	1028	1223	1055
0	469	1070	485	1089
0	340	1121	456	1150
0	735	1130	833	1148
0	568	1560	682	1580
