0	491	384	952	427
0	357	564	1048	687
0	492	1342	950	1388
0	317	1550	1090	1673
0	921	104	993	125
0	338	249	410	270
0	1057	300	1133	321
0	568	338	640	359
0	689	449	819	479
0	252	451	290	472
0	365	451	437	472
0	893	451	913	472
0	917	523	978	544
0	346	703	418	724
0	511	754	763	776
0	484	809	519	832
0	476	867	849	897
0	450	925	481	948
0	239	980	319	1001
0	1021	1016	1082	1037
0	526	1051	544	1072
0	338	1196	410	1217
0	230	1250	310	1271
0	1100	1284	1171	1305
0	925	1402	989	1428
0	711	1403	847	1433
0	254	1406	292	1427
0	375	1406	452	1427
0	182	1437	340	1469
0	1045	1477	1113	1498
0	346	1694	422	1715
