0	421	313	1011	447
0	576	1127	855	1156
0	449	1263	983	1293
0	570	1422	858	1493
0	350	1609	1082	1675
0	524	1743	907	1773
0	640	217	710	240
0	801	228	817	240
0	323	263	413	289
0	250	473	546	500
0	1014	693	1030	713
0	462	731	482	758
0	1003	731	1024	758
0	1093	731	1248	762
0	293	732	365	763
0	888	738	904	758
0	387	778	558	818
0	734	779	784	809
0	183	786	202	805
0	255	824	280	850
0	1140	824	1212	856
0	183	880	287	899
0	272	1062	293	1082
0	686	1062	707	1082
0	506	1195	645	1225
0	229	1198	294	1221
0	464	1333	568	1362
0	742	1333	803	1361
0	849	1335	883	1358
0	379	1380	400	1400
0	480	1387	496	1405
0	481	1515	655	1543
0	970	1515	1075	1543
