0	565	333	866	366
0	577	461	915	746
0	506	1022	926	1055
0	989	215	1013	242
0	576	219	638	247
0	1184	219	1241	247
0	313	222	329	242
0	243	228	260	240
0	326	260	342	291
0	732	275	761	294
0	526	412	654	440
0	244	413	261	437
0	410	813	479	845
0	645	817	702	845
0	292	820	308	839
0	430	905	736	937
0	427	951	654	984
0	223	1104	363	1125
0	274	1131	478	1193
0	454	1196	555	1228
0	615	1196	706	1228
0	1064	1198	1211	1224
0	425	1287	494	1319
0	777	1293	827	1320
0	1174	1294	1189	1314
0	443	1340	548	1367
0	816	1605	888	1633
0	1145	1607	1161	1627
0	622	1645	647	1672
0	311	1651	368	1678
0	738	1733	824	1764
0	289	1738	376	1764
