0	663	399	769	429
0	252	606	1176	694
0	532	860	900	927
0	589	1002	841	1060
0	462	1189	970	1246
0	550	1562	884	1631
0	533	1700	900	1779
0	183	263	273	289
0	1037	263	1127	289
0	272	312	386	339
0	659	463	747	485
0	810	465	931	493
0	230	473	244	485
0	218	508	245	530
0	606	510	668	538
0	481	519	497	531
0	215	559	279	578
0	581	719	654	742
0	682	763	740	791
0	350	771	366	789
0	716	808	773	836
0	265	809	512	833
0	295	953	323	980
0	481	953	539	981
0	1152	1091	1248	1119
0	365	1094	385	1113
0	1100	1276	1155	1304
0	318	1277	330	1297
0	244	1284	259	1296
0	354	1324	370	1344
0	513	1369	568	1397
0	565	1415	656	1442
0	910	1417	930	1437
0	678	1463	693	1483
0	617	1656	645	1683
0	371	1664	452	1680
