0	656	237	826	347
0	637	446	854	481
0	398	839	1090	1040
0	567	1460	915	1629
0	633	1721	850	1760
0	343	184	370	212
0	1111	185	1128	204
0	430	192	454	213
0	490	523	548	551
0	394	524	422	546
0	174	576	202	599
0	520	576	546	604
0	927	627	986	655
0	797	680	856	708
0	884	746	910	770
0	1196	746	1313	770
0	309	799	337	823
0	398	799	427	823
0	234	1063	661	1091
0	861	1063	1008	1091
0	1284	1064	1313	1088
0	1195	1065	1223	1088
0	463	1116	542	1143
0	290	1178	374	1194
0	365	1242	380	1254
0	978	1353	1054	1372
0	1125	1353	1201	1372
0	272	1360	287	1372
0	644	1412	665	1430
