0	500	671	943	744
0	540	932	911	997
0	633	1283	814	1356
0	436	1540	1013	1613
0	1060	325	1095	351
0	481	359	508	380
0	921	367	939	379
0	959	393	980	414
0	1045	427	1068	448
0	589	461	612	482
0	431	501	450	514
0	349	528	373	549
0	369	758	544	788
0	349	795	370	816
0	902	795	925	816
0	483	829	586	850
0	941	862	1077	890
0	509	894	644	923
0	351	903	366	923
0	977	1012	992	1038
0	531	1044	577	1073
0	1134	1045	1160	1066
0	622	1078	705	1107
0	917	1181	932	1208
0	623	1216	649	1237
0	1004	1369	1151	1399
0	372	1371	393	1392
0	591	1371	617	1392
0	460	1374	476	1394
0	342	1405	358	1426
0	613	1628	633	1649
0	341	1662	379	1683
0	458	1662	482	1683
0	578	1696	689	1717
0	1134	1729	1152	1750
0	755	1737	774	1750
0	465	1762	686	1792
0	779	1762	970	1792
0	666	1798	687	1819
0	823	1798	975	1820
