0	445	234	969	325
0	667	149	732	179
0	752	149	824	180
0	901	350	981	380
0	1072	395	1101	416
0	875	422	1051	445
0	356	499	395	520
0	465	499	483	519
0	1038	499	1077	520
0	1147	499	1165	519
0	794	527	828	556
0	631	535	646	554
0	536	641	575	662
0	640	641	659	660
0	447	711	486	732
0	394	738	428	767
0	229	746	244	766
0	847	806	1222	836
0	574	808	680	838
0	779	840	900	869
0	916	840	1003	869
0	263	841	459	872
0	368	876	679	906
0	795	879	913	909
0	997	916	1077	936
0	1128	942	1188	983
0	603	985	635	1026
0	422	990	507	1028
0	272	991	358	1028
0	797	994	812	1015
0	181	1028	242	1064
0	745	1037	760	1057
0	887	1067	1095	1099
0	335	1104	356	1127
0	486	1105	776	1135
0	794	1139	1086	1169
0	831	1174	1110	1204
0	1082	1255	1121	1276
0	746	1280	1062	1312
0	1082	1282	1143	1309
0	1160	1282	1223	1309
0	181	1317	249	1345
0	711	1325	726	1345
0	1138	1325	1153	1345
0	181	1378	661	1421
0	938	1388	962	1411
0	431	1421	1024	1465
0	181	1468	207	1494
0	1074	1473	1102	1494
0	377	1572	484	1593
0	636	1572	691	1598
0	714	1572	783	1598
0	868	1572	975	1593
0	1093	1598	1233	1641
0	181	1633	567	1677
0	797	1682	896	1703
0	286	1785	347	1815
0	364	1785	430	1818
