0	315	357	1151	537
0	353	600	1065	679
0	530	828	892	866
0	306	1152	1155	1443
0	500	1515	961	1698
0	696	267	746	305
0	1198	276	1207	297
0	264	306	284	332
0	677	704	696	728
0	364	709	401	736
0	602	709	610	730
0	1059	752	1087	770
0	391	779	428	807
0	1051	899	1068	920
0	1137	899	1156	920
0	1181	906	1208	924
0	333	966	539	997
0	840	968	860	989
0	240	1002	443	1033
0	543	1003	567	1024
0	279	1038	287	1059
0	969	1039	993	1060
0	653	1046	680	1064
0	756	1110	807	1131
0	754	1712	789	1748
0	857	1712	893	1748
0	1130	1717	1154	1738
