0	660	1238	774	1270
0	232	1507	1155	1574
0	251	312	345	339
0	544	312	572	339
0	632	312	705	340
0	1070	312	1125	340
0	534	717	606	744
0	885	718	901	738
0	345	763	402	791
0	348	899	378	921
0	980	990	1066	1014
0	183	993	421	1021
0	463	994	536	1015
0	1154	994	1172	1014
0	465	1036	499	1060
0	923	1039	1162	1066
0	368	1040	392	1060
0	669	1040	741	1061
0	274	1080	295	1106
0	890	1086	1127	1114
0	431	1094	444	1106
0	414	1127	636	1159
0	721	1127	909	1155
0	970	1127	1158	1155
0	294	1131	376	1159
0	589	1180	609	1199
0	1151	1320	1248	1348
0	250	1323	268	1342
0	774	1323	794	1342
0	245	1361	315	1393
0	1175	1361	1196	1387
0	355	1367	425	1395
0	1093	1369	1114	1388
0	467	1408	488	1434
0	386	1414	407	1433
0	604	1454	673	1486
0	361	1461	382	1480
0	351	1602	399	1635
0	712	1602	740	1635
0	632	1608	652	1628
0	1023	1608	1044	1628
0	1237	1615	1250	1627
0	406	1649	489	1682
0	685	1737	789	1772
0	183	1738	372	1771
0	409	1738	539	1771
0	872	1745	990	1773
