0	584	450	865	493
0	474	637	972	668
0	467	690	972	727
0	470	1266	977	1303
0	467	1379	979	1417
0	577	1545	870	1582
0	555	1622	884	1765
0	327	322	393	351
0	1148	325	1176	349
0	301	326	316	346
0	903	331	918	344
0	447	357	549	386
0	787	357	889	386
0	1030	387	1138	423
0	517	393	588	423
0	507	504	615	535
0	375	541	547	572
0	636	547	823	576
0	1119	550	1129	569
0	311	582	569	611
0	696	743	765	769
0	565	746	685	775
0	250	774	358	810
0	641	778	743	810
0	476	850	773	881
0	476	883	578	914
0	1090	888	1118	912
0	838	923	866	949
0	633	982	661	1008
0	479	990	494	1002
0	320	1014	527	1044
0	665	1014	1111	1044
0	1025	1077	1053	1101
0	798	1110	1057	1139
0	624	1180	663	1202
0	420	1183	430	1202
0	293	1329	385	1353
0	745	1333	773	1357
0	1142	1482	1165	1503
