0	454	282	983	322
0	514	744	916	806
0	514	1093	920	1159
0	440	1363	995	1434
0	338	1649	1096	1748
0	571	222	594	242
0	947	362	1002	385
0	947	408	1032	431
0	644	410	673	432
0	462	413	485	432
0	1154	413	1169	432
0	374	457	427	485
0	1147	459	1162	479
0	701	462	710	480
0	363	499	573	528
0	994	499	1015	526
0	1163	547	1248	571
0	460	551	476	575
0	858	552	971	573
0	694	598	768	619
0	318	637	348	666
0	976	640	1060	663
0	601	643	936	671
0	1169	651	1182	663
0	485	833	506	859
0	894	882	978	905
0	183	886	378	909
0	1066	893	1079	905
0	646	925	666	951
0	710	925	731	951
0	937	925	1111	957
0	366	971	437	999
0	693	971	723	1001
0	767	971	797	1001
0	819	1018	857	1048
0	1158	1018	1174	1049
0	571	1031	585	1043
0	288	1179	319	1203
0	820	1185	841	1203
0	424	1217	443	1244
0	503	1217	523	1244
0	710	1265	793	1292
0	1082	1267	1111	1289
0	183	1318	304	1339
0	479	1463	498	1490
0	828	1463	849	1490
0	957	1463	1137	1495
0	575	1514	750	1542
0	590	1555	606	1586
0	507	1556	527	1582
