0	611	831	774	897
0	375	1387	1012	1476
0	441	1495	947	1575
0	545	1582	841	1653
0	635	193	714	240
0	880	197	933	240
0	414	201	475	242
0	1135	226	1151	238
0	293	293	378	321
0	508	293	593	321
0	730	294	848	321
0	921	404	1094	433
0	631	405	758	427
0	868	474	948	521
0	653	478	705	524
0	414	482	475	523
0	1135	507	1151	519
0	718	568	781	597
0	293	574	378	602
0	508	574	593	602
0	726	604	856	633
0	679	686	806	708
0	970	687	1044	713
0	241	804	278	836
0	540	914	713	949
0	1047	914	1142	944
0	331	920	424	947
0	837	920	931	947
0	327	962	403	983
0	429	1004	531	1031
0	634	1004	707	1025
0	510	1043	638	1075
0	481	1085	587	1115
0	446	1173	561	1200
0	208	1252	363	1285
