0	664	978	827	1011
0	521	1306	967	1371
0	580	1549	901	1610
0	1017	209	1080	238
0	607	215	623	233
0	815	215	849	233
0	760	304	903	333
0	979	304	1121	333
0	588	309	642	325
0	756	393	910	423
0	968	393	1132	423
0	579	397	650	413
0	407	456	428	472
0	558	512	671	541
0	776	512	890	541
0	992	512	1106	541
0	521	600	709	660
0	737	600	925	660
0	956	600	1144	660
0	861	737	918	758
0	798	814	909	835
0	1199	849	1213	864
0	502	869	530	895
0	834	872	930	896
0	1229	872	1257	895
0	346	929	374	953
0	869	935	883	950
0	1129	935	1142	950
0	1082	1087	1106	1107
0	307	1089	323	1107
0	431	1096	444	1111
0	600	1096	615	1108
0	222	1115	306	1137
0	767	1124	782	1136
0	222	1178	230	1194
0	928	1205	1087	1229
0	387	1206	418	1227
0	632	1233	772	1257
0	420	1241	433	1257
0	823	1417	851	1441
0	375	1452	390	1467
0	721	1472	891	1498
0	1104	1472	1257	1498
0	351	1474	448	1498
0	464	1474	492	1498
0	633	1636	785	1660
0	1223	1644	1237	1659
0	1077	1668	1174	1691
0	293	1695	321	1719
0	441	1724	572	1748
0	1029	1755	1097	1776
0	349	1784	425	1807
0	1248	1784	1264	1800
0	648	1813	666	1831
0	1246	1813	1266	1831
0	585	1841	635	1865
0	222	1871	241	1889
0	655	1876	668	1891
