0	622	606	867	646
0	587	837	902	898
0	503	940	987	1021
0	518	1105	970	1170
0	533	1511	953	1592
0	620	1651	869	1712
0	577	1841	910	1911
0	669	164	738	188
0	637	398	694	419
0	251	428	267	444
0	321	428	355	444
0	565	539	629	569
0	1154	544	1216	560
0	277	570	416	596
0	657	570	704	596
0	984	666	1157	724
0	293	684	338	708
0	1228	689	1266	705
0	1127	726	1266	750
0	602	727	728	749
0	768	755	816	781
0	297	756	376	782
0	846	783	1016	809
0	1161	783	1257	807
0	777	791	790	802
0	512	1045	525	1061
0	958	1045	1060	1061
0	322	1074	421	1090
0	1171	1248	1266	1272
0	828	1276	856	1300
0	1085	1283	1099	1295
0	488	1307	504	1323
0	385	1312	398	1327
0	1202	1312	1216	1327
0	451	1334	580	1358
0	1084	1334	1165	1358
0	746	1335	769	1351
0	1091	1362	1133	1386
0	843	1363	858	1385
0	1235	1363	1259	1385
0	402	1364	452	1387
0	644	1364	660	1380
0	353	1370	367	1381
0	425	1394	439	1415
0	479	1394	495	1410
0	376	1429	482	1444
0	374	1449	514	1475
0	856	1452	877	1470
0	741	1457	764	1471
0	373	1610	388	1632
0	490	1611	498	1627
0	1180	1730	1206	1762
0	401	1736	525	1757
0	656	1742	679	1756
0	764	1742	777	1754
0	617	1763	748	1787
0	278	1822	304	1846
0	222	1829	237	1845
