0	343	306	1156	400
0	600	615	900	684
0	656	748	845	795
0	547	859	952	974
0	385	1043	1019	1120
0	681	1190	819	1233
0	503	1478	995	1549
0	568	1666	931	1748
0	313	171	498	200
0	746	171	1032	202
0	802	251	830	299
0	566	417	961	457
0	1101	427	1277	464
0	256	428	399	473
0	642	473	702	503
0	1037	483	1098	504
0	174	513	502	549
0	1090	515	1120	538
0	990	524	1026	545
0	806	558	829	602
0	725	567	741	602
0	578	822	610	853
0	676	822	704	853
0	700	984	728	1032
0	1030	1298	1058	1346
0	824	1391	927	1439
0	981	1391	1063	1417
0	376	1398	392	1433
0	752	1573	771	1594
0	174	1609	210	1657
0	1093	1770	1219	1796
