0	274	188	345	212
0	530	353	593	383
0	962	356	1019	380
0	602	398	670	424
0	801	485	864	514
0	513	569	576	599
0	1013	612	1076	641
0	258	654	321	683
0	386	696	449	725
0	749	738	812	767
0	866	780	929	810
0	827	914	890	943
0	954	914	1017	943
0	701	956	764	985
0	435	1000	461	1021
0	386	1039	449	1069
0	1083	1042	1109	1063
0	1003	1082	1066	1111
0	584	1124	647	1153
0	511	1208	575	1237
0	1004	1250	1067	1280
0	576	1292	639	1322
0	208	1420	271	1449
0	805	1420	868	1449
0	319	1504	382	1533
0	449	1504	512	1534
0	882	1546	945	1576
0	389	1588	452	1618
0	633	1588	697	1618
0	761	1588	824	1618
