0	678	900	821	944
0	578	1172	825	1215
0	431	1313	972	1356
0	497	1740	907	1788
0	617	169	693	199
0	217	337	305	358
0	526	340	550	361
0	1195	421	1221	442
0	1243	764	1270	785
0	1160	772	1178	784
0	924	806	940	827
0	397	848	423	869
0	434	987	449	1008
0	972	987	1120	1010
0	250	995	267	1008
0	682	1068	743	1092
0	238	1070	264	1091
0	593	1113	616	1134
0	995	1252	1018	1273
0	423	1392	475	1423
0	745	1392	836	1416
0	603	1432	920	1462
0	399	1435	425	1456
0	174	1474	415	1503
0	670	1474	709	1496
0	743	1474	1216	1503
0	361	1515	413	1546
0	419	1557	494	1587
0	916	1558	943	1579
0	568	1637	642	1661
0	1239	1639	1270	1662
0	1187	1642	1222	1671
0	872	1683	964	1704
