0	642	336	854	446
0	278	689	1216	895
0	395	1076	1009	1187
0	503	1489	997	1575
0	305	169	387	209
0	621	169	702	208
0	247	225	342	252
0	425	225	508	265
0	174	575	255	596
0	270	611	300	663
0	449	934	510	963
0	1023	936	1271	963
0	682	977	972	1006
0	514	1007	644	1054
0	794	1009	858	1058
0	174	1019	226	1045
0	873	1214	1085	1244
0	1146	1252	1285	1293
0	566	1265	582	1305
0	174	1296	269	1349
0	324	1307	640	1337
0	671	1361	708	1414
0	765	1362	834	1412
0	394	1414	568	1469
0	963	1606	1079	1638
0	1122	1608	1181	1638
0	530	1609	647	1635
0	716	1609	813	1638
