0	519	225	977	352
0	625	588	875	635
0	532	806	970	853
0	679	978	820	1063
0	475	1195	929	1244
0	409	1534	996	1619
0	569	1760	931	1837
0	787	171	1037	201
0	781	407	796	428
0	297	408	325	435
0	877	408	904	437
0	1157	416	1183	434
0	1253	416	1277	437
0	331	451	345	471
0	728	666	789	695
0	512	667	711	697
0	1171	710	1189	731
0	321	886	339	907
0	1037	886	1109	907
0	924	925	1019	955
0	1064	1087	1155	1128
0	255	1096	325	1132
0	174	1139	250	1169
0	342	1148	368	1166
0	936	1267	1053	1304
0	438	1272	507	1308
0	970	1325	985	1345
0	397	1439	456	1468
0	1130	1439	1189	1468
0	644	1441	725	1462
0	546	1670	606	1700
0	1014	1670	1118	1700
0	1194	1673	1270	1695
0	223	1711	253	1734
0	413	1721	427	1741
