0	532	417	882	488
0	319	604	1097	670
0	332	785	1030	864
0	458	1009	955	1080
0	383	1200	1031	1270
0	469	1396	944	1468
0	373	1681	1041	1751
0	809	213	1083	244
0	1157	216	1228	237
0	1180	247	1291	277
0	418	283	778	314
0	1106	285	1229	308
0	1021	320	1086	346
0	532	513	589	534
0	846	513	911	539
0	979	545	1074	576
0	797	732	852	753
0	1199	884	1291	912
0	341	917	420	941
0	1045	918	1133	947
0	185	919	272	943
0	202	1106	295	1129
0	455	1107	545	1137
0	453	1144	557	1170
0	991	1294	1086	1317
0	536	1332	626	1358
0	119	1367	224	1397
0	517	1479	628	1508
0	290	1481	359	1502
0	624	1516	640	1537
0	704	1516	776	1540
0	452	1551	523	1572
0	588	1551	659	1572
0	1163	1551	1233	1572
0	380	1585	491	1614
0	380	1622	400	1646
