0	580	593	833	633
0	380	754	1029	879
0	555	959	859	998
0	495	1303	920	1383
0	442	1692	974	1733
0	353	218	508	248
0	119	253	226	283
0	1061	434	1115	455
0	909	468	1049	497
0	372	506	411	527
0	398	668	514	697
0	1169	1031	1297	1061
0	204	1042	217	1055
0	119	1067	363	1097
0	950	1113	962	1125
0	757	1132	986	1168
0	467	1139	652	1168
0	882	1202	1150	1238
0	706	1400	853	1430
0	280	1401	353	1427
0	922	1401	995	1427
0	1182	1401	1296	1427
0	119	1436	185	1465
0	474	1445	487	1458
0	798	1500	1182	1536
0	119	1670	187	1696
