0	411	524	1032	590
0	634	700	808	765
0	286	1071	1162	1358
0	1104	405	1151	429
0	611	444	687	464
0	791	445	861	468
0	366	621	413	649
0	714	828	800	857
0	286	856	327	879
0	385	856	422	879
0	940	858	1158	887
0	814	859	834	879
0	319	886	473	916
0	934	926	966	945
0	996	926	1031	945
0	1106	951	1161	982
0	381	958	407	982
0	475	958	514	985
0	286	986	407	1014
0	568	1031	583	1043
0	1030	1387	1158	1432
0	885	1397	899	1417
0	965	1397	981	1421
0	503	1404	520	1416
0	286	1420	623	1465
0	991	1502	1049	1530
0	761	1504	782	1528
0	929	1537	957	1557
0	286	1568	369	1596
0	840	1570	868	1589
0	632	1577	645	1589
0	464	1599	597	1625
0	612	1603	689	1625
0	952	1603	980	1622
