0	521	361	918	494
0	395	591	1002	666
0	721	506	888	536
0	362	514	386	533
0	1141	519	1157	531
0	1069	521	1083	537
0	670	547	694	566
0	366	680	381	700
0	701	680	714	704
0	782	687	797	705
0	1059	714	1077	733
0	644	721	660	739
0	672	746	813	774
0	947	754	964	772
0	519	780	609	803
0	463	787	473	799
0	1050	814	1084	832
0	1114	814	1148	832
0	490	845	519	873
0	1019	845	1058	873
0	914	847	998	866
0	770	876	819	904
0	678	880	751	903
0	446	885	462	903
0	396	912	511	931
0	576	942	708	970
0	896	945	931	964
0	959	945	994	964
0	1078	1009	1159	1037
0	339	1043	388	1070
0	1053	1240	1150	1268
0	537	1241	609	1260
0	365	1242	400	1260
0	429	1242	463	1260
0	666	1242	731	1264
0	904	1306	987	1334
0	362	1437	410	1465
0	623	1471	722	1499
0	678	1504	708	1532
0	775	1504	814	1532
0	364	1506	398	1524
0	428	1506	462	1524
0	585	1572	819	1595
0	1129	1572	1150	1591
0	829	1636	848	1656
