0	561	365	909	511
0	355	822	1108	861
0	528	1034	942	1270
0	612	319	916	349
0	360	321	392	345
0	1195	535	1249	564
0	1104	536	1132	562
0	255	544	295	563
0	1098	579	1298	609
0	395	583	422	604
0	599	583	615	604
0	950	583	982	609
0	1136	621	1186	656
0	1230	621	1280	656
0	174	626	371	656
0	445	628	552	652
0	798	628	826	652
0	898	670	1166	701
0	1259	670	1291	694
0	1105	715	1168	739
0	676	718	735	748
0	449	720	479	746
0	1047	907	1062	921
0	185	908	213	926
0	1061	942	1290	973
0	218	992	290	1013
0	643	992	675	1018
0	770	1293	1156	1324
0	245	1341	750	1370
0	926	1343	958	1367
0	507	1381	710	1416
0	397	1430	650	1461
0	1091	1434	1119	1460
0	866	1437	889	1458
0	960	1523	1051	1552
0	420	1524	448	1550
0	331	1571	365	1597
0	843	1571	871	1597
0	1141	1610	1282	1643
0	992	1617	1024	1643
0	337	1656	474	1691
0	1081	1719	1099	1735
0	1153	1719	1172	1735
0	435	1752	556	1774
0	298	1754	420	1774
