0	343	395	1039	624
0	340	920	1056	975
0	340	1309	1056	1518
0	869	319	889	339
0	905	319	926	339
0	988	319	1007	339
0	666	678	720	706
0	781	678	836	706
0	490	720	506	738
0	970	745	1019	774
0	326	746	355	765
0	533	746	553	769
0	569	777	622	806
0	806	842	942	870
0	1101	845	1121	865
0	1138	845	1158	865
0	327	851	341	863
0	338	877	357	896
0	286	1028	380	1058
0	511	1028	609	1058
0	744	1094	838	1125
0	286	1096	306	1116
0	323	1096	342	1116
0	406	1096	426	1116
0	1006	1127	1150	1157
0	670	1130	797	1158
0	623	1133	652	1152
0	286	1159	393	1189
0	456	1159	572	1189
0	685	1265	702	1285
0	910	1265	939	1285
0	510	1538	604	1569
0	375	1543	492	1571
0	665	1545	679	1565
0	552	1610	573	1634
