0	496	1234	973	1274
0	271	1403	1122	1562
0	521	1719	950	1786
0	844	272	981	303
0	348	319	498	349
0	521	374	535	393
0	466	421	484	433
0	501	421	515	440
0	835	421	852	433
0	817	465	833	478
0	1087	465	1283	488
0	633	500	842	531
0	1104	502	1290	531
0	225	506	291	530
0	912	506	978	530
0	758	593	980	623
0	682	643	774	674
0	817	643	993	672
0	1153	643	1291	674
0	383	685	564	720
0	212	687	320	716
0	961	687	1011	711
0	1082	693	1143	719
0	324	730	374	765
0	692	734	1144	765
0	254	737	282	763
0	1107	788	1141	814
0	386	796	404	808
0	609	830	636	854
0	307	831	429	861
0	683	831	809	861
0	1239	875	1297	904
0	525	880	556	904
0	981	886	999	899
0	174	920	271	949
0	972	925	1000	951
0	363	933	409	951
0	174	967	272	996
0	824	970	844	991
0	531	977	577	996
0	1083	977	1104	990
0	211	1012	301	1036
0	324	1016	344	1037
0	739	1020	760	1034
0	849	1057	1018	1086
0	1151	1120	1167	1139
0	944	1154	1003	1184
0	536	1155	566	1179
0	409	1157	446	1183
0	350	1332	496	1362
0	1091	1605	1291	1636
0	995	1608	1075	1634
0	324	1651	427	1681
