0	285	579	1165	644
0	377	690	1071	748
0	310	853	1134	981
0	375	1191	1064	1457
0	418	1588	1025	1747
0	215	144	578	173
0	215	192	578	221
0	215	239	608	268
0	215	285	608	315
0	215	333	617	362
0	316	374	391	395
0	229	467	260	490
0	719	515	747	536
0	555	660	856	682
0	674	765	715	781
0	689	790	1318	820
0	153	820	232	850
0	317	823	349	841
0	223	990	677	1017
0	983	1021	1025	1039
0	1042	1051	1084	1069
0	517	1077	545	1098
0	801	1135	830	1156
0	378	1470	423	1491
0	476	1470	519	1491
0	476	1502	493	1520
0	582	1525	842	1554
