0	488	633	979	674
0	492	832	976	871
0	591	1011	877	1155
0	442	1427	1028	1533
0	566	338	597	361
0	1014	348	1029	368
0	244	385	427	415
0	1207	387	1226	408
0	385	487	400	506
0	895	516	1131	548
0	1228	522	1258	545
0	652	524	671	545
0	595	567	627	591
0	1047	567	1077	591
0	900	569	939	595
0	940	719	971	743
0	745	721	803	750
0	1078	721	1136	750
0	455	768	476	789
0	556	911	875	940
0	1035	918	1174	947
0	1232	918	1291	947
0	577	966	596	987
0	722	1189	749	1210
0	375	1196	392	1209
0	795	1232	826	1255
0	1030	1232	1109	1259
0	432	1277	462	1300
0	997	1277	1081	1303
0	1135	1278	1207	1307
0	174	1321	444	1357
0	1048	1323	1079	1347
0	1239	1323	1280	1356
0	617	1368	1010	1400
0	316	1369	356	1402
0	307	1565	511	1596
0	1228	1565	1258	1588
0	641	1572	1038	1595
0	386	1613	581	1642
0	789	1658	820	1681
0	1261	1658	1291	1681
0	480	1660	643	1687
0	993	1702	1074	1733
0	623	1748	764	1779
0	566	1752	585	1773
