0	388	1188	1056	1234
0	592	1452	844	1491
0	645	1564	799	1600
0	1047	345	1059	361
0	494	404	506	420
0	902	521	915	536
0	615	664	672	682
0	894	804	909	816
0	456	826	483	844
0	1113	826	1140	844
0	578	832	591	848
0	763	855	813	879
0	674	856	693	874
0	1113	856	1140	874
0	1044	883	1094	907
0	727	884	742	902
0	851	884	878	902
0	421	891	434	907
0	821	909	983	937
0	303	914	409	935
0	464	915	504	931
0	642	939	671	960
0	894	942	908	960
0	501	970	552	994
0	490	1001	504	1020
0	1066	1001	1091	1022
0	642	1027	713	1055
0	1007	1027	1091	1048
0	303	1028	354	1054
0	934	1028	965	1052
0	438	1029	453	1048
0	1082	1057	1132	1083
0	666	1060	693	1078
0	398	1085	427	1106
0	921	1087	956	1113
0	842	1113	1139	1142
0	677	1122	690	1134
0	610	1147	636	1168
0	312	1285	492	1313
0	923	1287	994	1313
0	510	1290	636	1311
0	608	1405	622	1423
0	373	1523	399	1547
0	723	1523	748	1544
0	375	1627	638	1653
0	697	1627	961	1655
0	763	1657	857	1683
0	983	1659	1138	1686
0	983	1686	1138	1713
0	375	1688	606	1714
0	665	1688	872	1714
0	303	1716	439	1743
