0	632	319	838	379
0	379	633	1089	693
0	613	1206	858	1250
0	531	1772	940	1821
0	1068	252	1204	288
0	140	289	310	324
0	911	396	934	425
0	375	404	455	433
0	1026	466	1157	502
0	712	510	735	531
0	218	543	354	572
0	1019	543	1245	572
0	375	545	398	566
0	140	578	288	608
0	465	723	488	752
0	1129	800	1208	829
0	866	803	893	824
0	1305	873	1331	894
0	173	908	204	929
0	909	908	932	929
0	1296	908	1322	929
0	1013	941	1041	963
0	925	942	946	963
0	1146	942	1228	963
0	853	977	958	999
0	735	1011	763	1032
0	649	1012	670	1033
0	303	1084	327	1105
0	668	1145	808	1181
0	873	1145	1013	1181
0	268	1280	480	1317
0	551	1280	763	1317
0	864	1280	948	1310
0	1184	1318	1330	1353
0	140	1323	367	1354
0	430	1323	658	1354
0	196	1355	349	1390
0	593	1355	628	1388
0	812	1363	833	1384
0	709	1398	729	1419
0	281	1432	360	1461
0	703	1434	724	1455
0	283	1547	299	1567
0	230	1573	381	1602
0	1172	1574	1267	1596
0	140	1608	257	1638
0	703	1609	730	1630
0	926	1617	942	1629
0	645	1642	881	1672
0	1080	1642	1266	1672
0	512	1652	528	1671
0	820	1680	848	1704
0	372	1713	631	1742
0	713	1713	849	1742
