0	398	260	934	332
0	221	889	1059	961
0	162	1105	1157	1178
0	557	347	592	371
0	658	347	703	378
0	147	387	185	408
0	247	387	292	416
0	555	387	641	408
0	659	387	731	408
0	803	388	889	410
0	483	626	1173	662
0	1160	676	1172	689
0	556	703	568	724
0	463	711	479	724
0	656	730	1107	766
0	753	773	781	794
0	230	780	246	793
0	466	808	489	829
0	196	815	212	828
0	630	988	677	1014
0	241	1020	280	1042
0	993	1212	1009	1225
0	850	1238	915	1267
0	421	1247	437	1260
0	972	1344	1199	1370
0	147	1379	248	1405
0	332	1379	366	1405
0	196	1414	220	1435
0	676	1414	710	1440
0	147	1451	182	1475
0	891	1486	926	1510
