0	554	692	937	729
0	500	809	954	889
0	424	1038	1032	1074
0	237	1185	1191	1284
0	647	1409	843	1442
0	636	1653	847	1688
0	824	197	872	233
0	983	197	1065	233
0	357	251	452	289
0	1027	357	1062	381
0	1141	357	1199	381
0	174	430	246	457
0	319	430	365	454
0	930	569	965	595
0	1029	569	1087	595
0	1060	636	1100	660
0	174	641	242	668
0	603	641	629	662
0	733	757	801	784
0	869	915	926	946
0	298	951	352	981
0	214	987	241	1008
0	502	994	518	1007
0	584	994	599	1013
0	926	1104	980	1132
0	556	1112	572	1125
0	638	1112	653	1132
0	851	1112	908	1125
0	423	1309	608	1337
0	1125	1309	1143	1337
0	174	1345	261	1366
0	321	1463	533	1490
0	343	1543	383	1572
0	309	1601	344	1627
