0	348	817	1108	884
0	483	1062	972	1105
0	250	1290	1144	1439
0	288	276	417	305
0	995	455	1110	482
0	939	675	1169	707
0	645	721	778	748
0	466	723	482	744
0	1149	916	1166	943
0	382	959	509	988
0	898	959	952	988
0	554	961	625	981
0	997	968	1090	981
0	877	1012	893	1025
0	510	1144	624	1179
0	277	1191	372	1218
0	209	1234	397	1264
0	836	1463	1195	1499
0	770	1478	786	1491
0	274	1511	537	1543
0	881	1516	967	1539
0	1183	1516	1270	1540
0	396	1555	535	1586
0	501	1605	517	1626
0	348	1651	363	1671
0	430	1658	458	1670
0	1016	1694	1032	1715
