0	475	534	852	609
0	464	821	869	892
0	585	967	741	1033
0	181	1223	1095	1300
0	472	1320	856	1392
0	348	1403	980	1475
0	295	1513	1033	1673
0	623	276	658	302
0	1135	381	1174	408
0	768	451	807	479
0	260	487	299	515
0	405	638	444	666
0	229	643	244	665
0	284	645	299	665
0	462	645	479	658
0	869	646	884	665
0	180	671	244	701
0	317	671	439	701
0	522	671	617	701
0	682	675	719	697
0	655	709	694	737
0	924	744	937	765
0	853	752	869	765
0	994	1061	1161	1097
0	867	1099	903	1123
0	813	1104	850	1125
0	973	1104	1005	1125
