0	401	1566	1120	1714
0	1038	285	1141	306
0	1214	285	1341	307
0	992	319	1010	340
0	916	327	928	346
0	871	624	980	645
0	237	655	418	678
0	1190	658	1227	679
0	217	692	353	721
0	1025	755	1131	786
0	402	923	670	959
0	1078	923	1292	959
0	238	929	259	950
0	174	960	359	998
0	902	965	1087	1000
0	550	1001	1069	1037
0	835	1251	860	1272
0	716	1275	1022	1307
0	281	1310	532	1340
0	598	1310	804	1343
0	1206	1319	1224	1339
0	949	1344	1207	1374
0	274	1421	299	1442
0	1262	1455	1274	1474
0	297	1478	546	1511
0	820	1481	940	1510
0	297	1515	539	1544
0	256	1728	306	1757
