0	431	549	952	590
0	463	1171	924	1280
0	463	1375	924	1423
0	562	1778	825	1819
0	872	237	926	252
0	469	291	496	312
0	253	379	280	400
0	647	428	846	458
0	1095	430	1122	451
0	260	640	296	666
0	827	640	854	661
0	1002	640	1025	661
0	256	689	349	718
0	791	689	947	718
0	1024	689	1209	718
0	481	741	508	762
0	699	741	734	762
0	1172	741	1208	767
0	174	843	201	864
0	337	843	371	864
0	739	843	823	864
0	912	843	1086	870
0	174	892	496	921
0	889	894	916	915
0	444	945	471	966
0	601	945	628	966
0	991	945	1018	966
0	1149	945	1175	966
0	458	994	597	1024
0	599	1119	625	1140
0	256	1309	340	1339
0	939	1312	962	1333
0	899	1597	949	1618
0	728	1648	778	1669
0	536	1719	571	1740
0	689	1719	711	1740
