0	431	910	950	945
0	431	1060	950	1095
0	872	237	926	252
0	664	289	725	318
0	589	301	613	313
0	977	339	1090	369
0	409	390	527	419
0	1067	390	1178	419
0	174	441	395	471
0	488	444	559	465
0	277	512	417	543
0	855	514	928	543
0	278	575	302	586
0	532	635	645	665
0	857	637	880	658
0	1042	637	1062	658
0	547	686	745	715
0	1038	688	1061	709
0	393	738	625	767
0	895	738	1127	767
0	721	739	794	760
0	327	746	343	759
0	632	790	655	811
0	819	790	839	811
0	394	797	410	810
0	455	841	527	863
0	743	849	759	862
0	837	1147	887	1168
0	274	1197	301	1218
0	385	1268	415	1294
0	1052	1268	1079	1289
0	256	1318	393	1348
0	798	1319	829	1345
0	251	1369	362	1398
0	991	1369	1216	1400
0	463	1370	488	1391
0	675	1370	706	1394
0	174	1420	244	1451
0	829	1421	852	1442
0	305	1428	320	1442
0	533	1470	964	1500
0	332	1472	358	1493
0	1061	1472	1138	1493
0	174	1522	247	1551
0	1040	1522	1115	1551
0	514	1523	545	1549
0	950	1523	966	1544
0	845	1571	1199	1602
0	344	1574	374	1600
0	519	1625	550	1651
0	476	1696	506	1720
0	959	1696	989	1720
0	580	1747	610	1771
0	174	1798	205	1822
0	842	1798	872	1822
