0	608	413	775	442
0	872	237	926	252
0	339	286	369	316
0	629	292	645	318
0	174	295	245	318
0	831	295	850	316
0	214	346	240	367
0	334	346	360	367
0	627	346	647	367
0	686	346	717	372
0	703	482	924	519
0	1026	482	1178	511
0	372	490	414	519
0	561	491	592	512
0	668	533	929	571
0	473	533	575	569
0	241	592	358	621
0	422	593	449	614
0	723	662	829	692
0	252	675	291	686
0	1000	724	1039	736
0	819	763	957	793
0	652	766	679	787
0	174	815	369	845
0	468	815	619	844
0	935	865	1119	896
0	540	866	678	896
0	322	866	428	895
0	174	868	201	889
0	174	915	313	947
0	1093	917	1199	946
0	936	919	963	940
0	747	968	1208	1003
0	746	1020	773	1041
0	554	1190	577	1208
0	1080	1497	1110	1515
0	877	1583	900	1601
0	424	1802	445	1820
0	828	1802	847	1820
