0	474	171	970	261
0	451	567	993	728
0	534	960	902	1007
0	566	1582	876	1631
0	266	273	289	298
0	1239	277	1323	306
0	758	316	789	339
0	1025	317	1049	339
0	121	319	238	349
0	1107	320	1135	343
0	317	356	374	385
0	660	356	684	381
0	343	400	427	428
0	121	403	144	423
0	380	444	412	464
0	419	483	503	511
0	1148	483	1224	511
0	894	738	926	757
0	1157	744	1172	762
0	624	839	700	867
0	1033	840	1061	863
0	121	880	197	908
0	297	923	325	945
0	199	1020	263	1055
0	532	1028	563	1048
0	1096	1028	1124	1051
0	1160	1070	1191	1089
0	722	1114	754	1134
0	793	1155	869	1183
0	633	1196	709	1224
0	470	1258	546	1286
0	800	1258	876	1286
0	1095	1299	1170	1327
0	1163	1340	1238	1368
0	121	1427	216	1455
0	914	1427	1009	1455
0	293	1469	377	1497
0	941	1469	1097	1497
0	121	1509	216	1537
0	554	1509	638	1537
0	1108	1509	1184	1537
0	330	1644	382	1685
0	920	1649	937	1683
0	659	1687	675	1718
0	970	1697	1033	1725
0	287	1700	362	1728
0	1074	1700	1150	1728
0	159	1743	187	1767
