0	514	253	977	315
0	410	413	1070	486
0	505	618	982	692
0	574	772	902	860
0	350	1235	1133	1300
0	672	552	823	576
0	682	1063	730	1082
0	768	1063	816	1082
0	712	1110	829	1131
0	288	1113	311	1129
0	380	1113	431	1132
0	620	1318	807	1347
0	1045	1326	1071	1342
0	319	1369	436	1390
0	678	1412	706	1435
0	748	1412	801	1439
0	440	1420	456	1432
0	467	1458	521	1485
0	926	1462	973	1481
0	1019	1462	1067	1481
0	824	1465	850	1480
0	663	1508	840	1532
0	979	1511	1195	1540
0	496	1513	509	1529
0	227	1550	334	1571
0	869	1583	1260	1607
0	249	1588	332	1607
0	508	1588	611	1607
0	227	1620	443	1646
0	532	1622	1013	1643
