0	655	685	828	741
0	574	885	913	954
0	657	1224	833	1304
0	667	1446	820	1508
0	768	192	792	204
0	1171	330	1187	342
0	424	459	441	472
0	626	524	642	536
0	366	562	391	586
0	460	562	487	586
0	891	567	1042	587
0	227	569	243	581
0	935	762	986	785
0	735	969	926	999
0	227	1014	445	1043
0	817	1017	870	1045
0	934	1017	980	1045
0	1030	1017	1252	1041
0	836	1062	851	1082
0	1154	1062	1207	1090
0	781	1063	790	1082
0	808	1063	821	1086
0	227	1108	273	1136
0	354	1318	408	1345
0	1003	1523	1073	1568
0	912	1533	966	1560
0	624	1580	685	1608
0	822	1580	1011	1608
0	1012	1628	1040	1649
