0	547	174	882	235
0	342	275	1100	361
0	454	402	994	464
0	420	549	1013	612
0	419	655	1017	717
0	430	811	1014	874
0	498	1021	950	1067
0	630	1125	816	1164
0	591	1752	854	1789
0	723	134	754	164
0	433	478	470	498
0	191	484	205	496
0	600	518	632	538
0	221	524	252	542
0	198	730	237	766
0	551	730	585	759
0	298	739	326	762
0	645	739	659	759
0	798	740	814	759
0	857	740	887	762
0	1129	740	1321	763
0	159	781	189	803
0	200	885	270	922
0	657	885	721	921
0	772	896	791	915
0	1075	896	1103	915
0	254	926	303	962
0	349	936	381	955
0	523	936	542	955
0	783	1251	802	1271
0	160	1335	179	1354
0	1003	1335	1019	1354
0	254	1366	282	1395
0	1082	1366	1147	1402
0	636	1376	654	1395
0	1193	1376	1212	1395
0	611	1406	639	1435
0	777	1417	809	1436
0	849	1417	868	1436
0	861	1586	945	1613
0	568	1588	591	1608
0	1001	1627	1196	1654
0	363	1669	391	1692
0	846	1670	874	1693
0	1097	1670	1118	1689
0	231	1710	306	1738
