0	512	441	933	481
0	393	551	1053	588
0	413	687	1033	852
0	256	944	1252	1018
0	632	1133	810	1164
0	546	1317	899	1361
0	305	1463	1206	1592
0	1072	140	1091	160
0	1193	174	1229	201
0	1285	174	1321	207
0	703	224	733	246
0	1045	258	1081	284
0	1140	258	1175	290
0	247	265	266	284
0	386	270	415	286
0	365	314	401	343
0	993	314	1023	343
0	1073	361	1179	389
0	274	362	303	386
0	121	362	151	384
0	532	362	562	384
0	668	396	704	425
0	913	396	948	422
0	1006	396	1042	429
0	477	403	502	427
0	764	403	793	427
0	548	404	579	423
0	531	865	561	895
0	619	865	638	892
0	458	907	489	936
0	1127	907	1157	936
0	387	919	418	935
0	198	1031	218	1051
0	531	1031	563	1054
0	423	1081	527	1111
0	745	1088	781	1107
0	842	1088	876	1110
0	285	1198	299	1211
0	309	1226	385	1256
0	738	1226	774	1259
0	559	1230	608	1268
0	1079	1240	1111	1258
0	409	1268	445	1301
0	758	1282	787	1298
0	1093	1379	1143	1417
0	219	1419	299	1450
0	434	1419	470	1454
0	731	1419	767	1452
0	555	1431	587	1449
0	1238	1431	1270	1449
0	220	1599	314	1630
0	444	1599	480	1632
0	423	1641	453	1671
0	121	1682	388	1713
0	1026	1682	1056	1712
0	1183	1694	1214	1712
0	573	1724	608	1756
0	967	1724	1003	1756
0	188	1736	220	1752
0	121	1778	150	1794
