0	649	212	837	274
0	379	362	1106	424
0	573	538	912	728
0	566	1189	918	1245
0	507	1431	975	1493
0	588	1591	900	1647
0	1205	753	1225	765
0	1118	790	1253	818
0	502	792	537	811
0	985	795	1059	811
0	708	837	800	865
0	860	837	948	865
0	431	840	508	856
0	409	884	430	904
0	873	891	887	903
0	900	891	920	903
0	414	931	432	951
0	328	937	347	949
0	956	937	970	949
0	1029	937	1048	949
0	597	977	694	1000
0	989	1019	1030	1042
0	227	1022	269	1045
0	596	1065	782	1094
0	680	1316	705	1340
0	770	1316	797	1340
0	1142	1319	1268	1338
0	544	1323	560	1335
0	463	1361	499	1381
0	227	1366	253	1386
