0	601	222	840	259
0	528	318	918	381
0	500	436	945	477
0	443	543	1005	584
0	521	643	979	751
0	556	804	888	839
0	530	1067	915	1108
0	644	1213	796	1249
0	407	1310	1037	1516
0	333	1642	1109	1766
0	981	137	1019	160
0	330	140	360	160
0	1072	141	1144	162
0	701	148	722	166
0	566	286	580	305
0	149	395	165	419
0	637	396	673	418
0	555	402	576	420
0	301	505	325	524
0	284	760	297	780
0	618	760	631	780
0	1116	760	1129	780
0	1172	868	1188	892
0	1237	873	1321	901
0	731	874	758	897
0	810	874	842	893
0	433	954	620	982
0	270	956	374	977
0	674	958	735	979
0	464	1019	485	1038
0	1181	1131	1242	1152
0	1116	1138	1130	1150
0	152	1172	173	1192
0	351	1276	383	1295
0	444	1524	638	1551
0	689	1526	757	1548
0	946	1564	1043	1586
0	446	1566	542	1586
