0	434	444	1008	506
0	557	695	889	757
0	365	925	1122	1058
0	624	1139	818	1179
0	624	1408	818	1446
0	508	1703	930	1765
0	833	522	975	567
0	985	567	1187	596
0	250	602	412	631
0	480	604	586	631
0	641	873	677	904
0	383	880	419	904
0	896	1209	1194	1263
0	368	1227	394	1251
0	306	1266	599	1320
0	1100	1280	1128	1309
0	1161	1477	1193	1507
0	1108	1480	1142	1507
0	600	1481	618	1501
0	308	1512	337	1536
0	621	1512	651	1536
0	851	1550	886	1576
0	947	1550	979	1576
0	250	1586	268	1606
0	360	1618	456	1648
0	747	1618	860	1648
0	622	1651	654	1681
0	522	1656	557	1683
