0	506	1190	935	1221
0	579	1306	865	1337
0	598	1559	847	1594
0	789	393	902	423
0	250	428	333	458
0	582	499	808	528
0	250	568	475	597
0	940	974	977	1003
0	997	1099	1016	1120
0	640	1136	659	1157
0	927	1136	1052	1157
0	375	1249	457	1272
0	637	1364	742	1390
0	892	1375	909	1388
0	547	1401	654	1431
0	282	1403	301	1424
0	533	1437	552	1458
0	623	1437	642	1460
0	1104	1437	1123	1460
0	764	1470	869	1497
0	250	1472	375	1493
0	979	1480	996	1493
0	588	1508	606	1529
0	989	1620	1024	1648
0	486	1625	505	1648
0	553	1625	572	1646
0	498	1656	533	1684
0	282	1659	301	1682
0	581	1659	599	1680
0	809	1667	826	1680
0	455	1728	546	1758
0	730	1728	823	1758
0	836	1728	924	1758
0	940	1728	1051	1758
