0	644	489	802	519
0	644	640	805	671
0	608	950	837	1023
0	522	1241	920	1270
0	483	1369	961	1400
0	523	1469	921	1498
0	465	1625	978	1656
0	319	316	440	359
0	759	316	917	359
0	301	387	332	415
0	1158	390	1186	413
0	301	422	452	450
0	974	422	1005	450
0	870	422	952	445
0	250	547	273	568
0	811	547	825	568
0	906	547	929	568
0	723	548	760	570
0	386	584	423	605
0	643	711	672	734
0	250	746	268	769
0	710	780	741	804
0	424	815	443	838
0	517	815	540	836
0	1037	815	1068	841
0	320	850	339	873
0	688	850	711	871
0	814	883	1005	914
0	1072	884	1200	914
0	250	919	356	949
0	326	1040	554	1069
0	1103	1040	1200	1069
0	577	1043	600	1064
0	250	1076	312	1105
0	330	1076	401	1105
0	837	1113	856	1136
0	386	1146	406	1168
0	689	1147	703	1168
0	734	1147	752	1170
0	678	1181	698	1203
0	600	1182	615	1203
0	1124	1309	1144	1330
0	665	1310	680	1331
0	655	1525	684	1548
0	250	1558	309	1580
0	793	1558	929	1584
0	250	1682	281	1708
0	959	1682	984	1703
