0	433	271	1121	310
0	577	450	984	489
0	412	612	1146	713
0	428	877	1132	968
0	708	1261	851	1298
0	611	1387	944	1447
0	576	1468	985	1508
0	1248	351	1347	380
0	1167	352	1206	376
0	273	353	435	380
0	842	353	880	380
0	524	400	537	413
0	1178	562	1271	591
0	653	565	672	586
0	219	743	377	772
0	1008	744	1024	765
0	360	787	379	810
0	427	996	499	1026
0	1096	996	1162	1026
0	1205	999	1246	1025
0	307	1040	337	1061
0	1130	1040	1160	1061
0	380	1048	396	1060
0	1171	1080	1244	1110
0	851	1123	922	1152
0	465	1199	537	1229
0	470	1337	501	1364
0	279	1599	481	1643
0	435	1656	766	1701
0	1138	1707	1168	1728
0	1053	1713	1069	1726
0	279	1765	509	1800
0	526	1771	554	1792
