0	338	357	428	386
0	444	357	532	386
0	598	357	733	386
0	341	402	365	423
0	803	402	916	425
0	1032	434	1146	464
0	715	439	829	463
0	786	506	900	535
0	979	577	1004	598
0	566	609	695	641
0	338	645	435	675
0	452	645	562	675
0	606	645	711	675
0	801	654	818	667
0	617	683	721	709
0	890	690	974	709
0	353	718	469	745
0	800	718	942	745
0	349	753	490	780
0	1175	789	1193	810
0	1090	857	1163	886
0	698	866	714	886
0	824	926	939	956
0	398	936	413	955
0	837	1033	921	1062
0	282	1103	366	1132
0	1111	1278	1195	1307
0	250	1281	329	1302
0	609	1313	724	1342
0	790	1351	803	1372
0	832	1384	947	1414
0	250	1562	335	1584
0	774	1562	793	1583
0	1156	1562	1186	1583
0	411	1687	476	1705
0	491	1688	548	1709
0	334	1714	380	1738
