0	590	542	964	625
0	654	724	906	802
0	500	1471	1057	1497
0	552	1602	1004	1814
0	763	211	806	244
0	586	215	616	243
0	1028	253	1059	286
0	474	258	493	279
0	633	299	813	325
0	1219	338	1261	368
0	208	342	374	372
0	705	342	733	372
0	1040	342	1144	369
0	689	384	855	414
0	388	644	401	665
0	353	686	371	709
0	298	894	337	924
0	747	1213	776	1231
0	728	1223	743	1237
0	590	1286	605	1299
0	659	1286	674	1299
0	728	1286	743	1299
0	798	1286	813	1300
0	867	1286	882	1299
0	590	1309	619	1327
0	659	1309	688	1327
0	728	1309	757	1327
0	798	1309	827	1327
0	867	1309	896	1327
0	690	1386	721	1410
0	503	1393	532	1411
0	423	1523	438	1544
