0	237	215	297	244
0	864	217	882	244
0	1243	217	1257	238
0	429	217	444	237
0	656	224	674	237
0	1064	224	1080	244
0	632	256	700	280
0	805	256	940	280
0	1204	256	1299	280
0	421	260	449	280
0	1026	260	1121	280
0	409	299	463	325
0	604	299	725	331
0	824	299	921	325
0	1004	299	1141	331
0	1183	299	1318	331
0	387	342	482	368
0	581	342	747	373
0	825	342	920	374
0	1025	344	1120	374
0	1217	344	1286	373
0	375	385	495	411
0	813	385	933	417
0	1025	385	1121	417
0	618	387	713	417
0	1183	387	1318	417
0	824	424	921	459
0	375	429	497	453
0	1003	429	1143	460
0	1183	429	1320	460
0	576	430	754	460
0	1003	468	1143	503
0	1194	468	1305	501
0	804	472	941	503
0	353	476	519	503
0	618	476	713	503
0	596	512	735	547
0	1202	512	1300	547
0	341	515	532	546
0	1016	515	1127	546
0	803	516	943	545
0	324	555	546	590
0	579	555	750	590
0	783	555	963	590
0	992	555	1153	590
0	1187	558	1314	589
0	317	607	377	636
0	795	608	811	629
0	466	616	480	629
0	626	616	642	629
0	980	616	997	635
0	1160	616	1176	629
0	580	646	688	678
0	756	646	851	678
0	1114	649	1222	679
0	406	652	542	679
0	933	652	1044	679
0	1097	687	1238	722
0	761	690	845	721
0	938	690	1036	721
0	574	693	696	722
0	425	695	520	722
0	599	730	671	765
0	917	730	1057	765
0	424	734	521	765
0	755	738	852	765
0	1134	738	1204	765
0	599	773	671	809
0	952	773	1024	809
0	409	777	536	809
0	768	779	838	809
0	1153	781	1182	808
0	754	816	853	852
0	907	816	1068	852
0	418	820	529	852
0	592	824	676	852
0	1148	824	1189	852
0	586	859	684	895
0	744	859	863	895
0	967	859	1010	894
0	1104	859	1232	895
0	453	867	494	895
0	413	902	532	938
0	570	902	698	938
0	1125	902	1211	937
0	779	911	829	938
0	962	911	1012	938
0	405	945	543	981
0	585	945	686	981
0	945	945	1031	980
0	727	950	878	981
0	1117	954	1218	981
0	364	997	424	1027
0	922	1000	941	1027
0	1158	1000	1174	1027
0	510	1008	525	1027
0	657	1008	674	1020
0	793	1008	809	1020
0	1051	1008	1070	1020
0	617	1036	718	1072
0	759	1036	843	1072
0	888	1036	975	1072
0	1145	1036	1187	1071
0	468	1038	565	1070
0	1026	1038	1098	1070
0	895	1079	967	1114
0	1145	1079	1187	1114
0	768	1081	837	1113
0	483	1084	553	1114
0	1039	1087	1082	1115
0	611	1087	724	1114
0	496	1122	539	1155
0	653	1122	681	1155
0	767	1122	838	1157
0	1040	1122	1081	1155
0	910	1130	953	1157
0	461	1164	575	1200
0	631	1164	703	1199
0	789	1164	817	1199
0	911	1164	952	1199
0	453	1208	581	1243
0	881	1208	982	1241
0	1140	1208	1190	1241
0	642	1216	692	1243
0	752	1216	853	1243
0	1036	1216	1086	1243
0	491	1251	541	1284
0	777	1251	827	1284
0	1036	1251	1086	1284
0	642	1259	692	1286
0	642	1294	692	1329
0	777	1294	827	1329
0	906	1294	956	1329
0	491	1302	541	1330
0	466	1337	568	1372
0	617	1337	718	1373
0	906	1337	956	1372
0	1011	1337	1113	1373
0	1140	1337	1190	1372
0	777	1345	827	1373
