0	354	224	370	237
0	450	256	478	280
0	634	256	660	280
0	902	256	930	280
0	1173	256	1199	288
0	543	260	571	280
0	721	260	745	280
0	816	260	842	280
0	999	260	1026	280
0	1085	260	1113	288
0	354	268	381	287
0	339	301	399	331
0	427	301	490	331
0	611	301	674	331
0	701	301	764	331
0	793	301	856	331
0	882	301	945	331
0	974	301	1037	331
0	1064	301	1127	331
0	1153	301	1216	331
0	520	302	583	331
0	793	344	856	373
0	974	344	1037	373
0	1064	344	1127	373
0	793	386	856	415
0	554	489	592	520
0	1253	490	1351	519
0	596	531	800	566
0	289	532	327	562
0	208	533	271	562
0	208	574	247	604
0	689	576	708	597
0	1153	661	1193	690
0	611	669	629	681
0	369	823	385	836
0	463	855	491	879
0	535	855	561	879
0	794	857	822	886
0	613	859	639	886
0	707	859	735	879
0	888	859	916	886
0	974	859	1002	886
0	1070	859	1096	886
0	1161	859	1189	886
0	369	866	396	886
0	353	942	412	972
0	446	942	483	972
0	520	942	557	972
0	590	942	653	972
0	682	942	745	972
0	772	942	835	972
0	865	942	928	972
0	954	942	1017	972
0	1047	942	1110	972
0	1138	942	1201	972
0	768	1054	786	1067
0	1229	1128	1346	1163
0	954	1172	1119	1201
0	396	1212	513	1247
0	1119	1212	1236	1248
0	814	1213	853	1243
0	1308	1213	1347	1243
0	701	1258	720	1279
0	743	1530	841	1554
0	445	1648	461	1661
0	719	1682	747	1711
0	541	1685	569	1705
0	633	1685	658	1705
0	814	1685	842	1705
0	903	1685	929	1712
0	996	1685	1023	1712
0	1083	1685	1111	1712
0	445	1691	472	1711
0	430	1725	490	1754
0	518	1725	581	1754
0	611	1725	674	1754
0	700	1725	763	1754
0	791	1725	854	1754
0	880	1725	943	1754
0	973	1725	1036	1754
0	1062	1725	1125	1754
