0	759	214	901	246
0	1044	215	1084	244
0	1261	216	1345	242
0	651	223	669	236
0	550	251	589	286
0	318	257	336	285
0	885	259	1117	286
0	855	413	873	425
0	806	461	823	488
0	668	500	684	513
0	774	507	787	520
0	811	551	827	572
0	767	575	780	596
0	855	613	872	640
0	767	646	783	667
0	811	669	824	690
0	668	720	684	733
0	774	727	788	740
0	806	778	822	805
0	855	830	873	842
0	668	1001	707	1037
0	778	1001	818	1037
0	810	1176	827	1189
0	567	1377	606	1407
0	1000	1545	1083	1576
0	1145	1547	1241	1571
0	454	1586	466	1607
0	678	1588	771	1618
0	531	1594	543	1607
0	764	1671	776	1692
0	839	1678	852	1691
