0	509	466	961	526
0	571	627	892	682
0	615	1085	847	1145
0	633	1215	830	1260
0	635	1477	833	1526
0	258	269	373	300
0	891	346	915	367
0	491	408	567	444
0	723	541	836	570
0	905	541	1019	570
0	1269	542	1292	563
0	245	572	268	596
0	733	696	807	734
0	831	696	905	734
0	997	701	1052	729
0	1156	701	1213	729
0	462	769	512	813
0	349	774	398	812
0	734	830	751	844
0	174	916	275	960
0	745	1276	776	1304
0	356	1340	406	1383
0	824	1572	919	1625
0	1063	1577	1113	1620
0	255	1626	362	1679
0	298	1709	347	1752
0	413	1709	461	1752
