0	352	343	1120	405
0	334	521	1139	592
0	487	744	982	815
0	499	948	977	988
0	611	1067	863	1138
0	543	1205	928	1286
0	514	1405	960	1494
0	528	1574	948	1651
0	371	257	397	278
0	1207	431	1310	460
0	166	466	309	495
0	831	470	847	491
0	678	621	705	642
0	519	652	569	678
0	250	845	549	886
0	927	850	982	874
0	666	852	862	881
0	207	885	235	909
0	861	1011	882	1032
0	1022	1018	1039	1031
0	251	1317	285	1348
0	166	1362	205	1380
0	196	1524	228	1550
0	499	1524	520	1545
0	1006	1531	1023	1544
0	704	1682	774	1709
0	1210	1725	1304	1743
