0	375	294	1177	360
0	427	629	1134	675
0	380	940	1177	1074
0	343	1563	1215	1625
0	312	149	371	182
0	174	155	194	176
0	528	189	668	234
0	432	193	509	219
0	945	197	998	226
0	473	240	524	270
0	595	390	670	414
0	687	390	812	421
0	1055	390	1180	421
0	1221	390	1347	422
0	1016	437	1090	466
0	1138	437	1211	466
0	1305	437	1381	466
0	212	480	286	510
0	421	565	485	595
0	788	565	869	589
0	1005	567	1056	597
0	652	568	723	597
0	1317	712	1381	742
0	342	714	366	735
0	938	714	1008	743
0	564	755	616	785
0	674	756	747	785
0	861	756	935	785
0	1254	757	1324	786
0	174	797	255	821
0	737	843	788	872
0	887	843	940	872
0	420	883	490	918
0	288	889	356	918
0	1086	1107	1166	1137
0	943	1113	1023	1137
0	590	1115	685	1146
0	663	1152	743	1182
0	423	1156	495	1189
0	511	1157	591	1181
0	1321	1159	1372	1189
0	337	1162	408	1191
0	1229	1201	1297	1237
0	206	1204	259	1233
0	317	1204	390	1233
0	505	1204	579	1233
0	847	1247	926	1278
0	731	1248	811	1278
0	1208	1248	1289	1278
0	1327	1248	1421	1278
0	252	1283	316	1324
0	722	1291	802	1322
0	838	1291	917	1322
0	304	1334	386	1365
0	435	1334	528	1365
0	174	1376	204	1400
0	923	1379	944	1400
0	1058	1468	1078	1489
0	489	1508	563	1537
0	604	1508	679	1537
0	727	1508	823	1537
0	871	1508	945	1537
0	757	1654	954	1690
0	1022	1659	1220	1689
0	1293	1709	1333	1736
