0	606	183	954	233
0	416	311	1129	474
0	389	603	1165	670
0	555	761	1004	842
0	552	970	1003	1036
0	232	161	271	181
0	232	265	271	285
0	571	505	1077	543
0	174	560	213	580
0	250	702	361	738
0	1039	703	1089	727
0	564	704	627	733
0	566	872	1181	907
0	469	917	540	946
0	692	917	816	946
0	1309	1067	1381	1096
0	242	1154	304	1184
0	1090	1154	1153	1184
0	626	1198	689	1227
0	247	1284	343	1314
0	382	1284	506	1314
0	1016	1330	1041	1351
0	814	1415	877	1445
0	407	1503	501	1533
0	537	1503	661	1533
0	174	1634	271	1664
0	1133	1721	1257	1750
