0	491	550	949	597
0	364	970	1076	1110
0	357	1175	1084	1205
0	531	444	568	471
0	819	453	832	468
0	303	474	326	492
0	395	474	430	497
0	957	474	978	492
0	509	505	539	521
0	602	624	716	650
0	862	669	879	690
0	795	698	812	720
0	990	698	1132	727
0	492	702	542	728
0	579	704	600	722
0	367	730	482	754
0	494	762	515	780
0	688	786	830	815
0	1017	789	1132	813
0	1085	815	1104	837
0	536	820	557	838
0	910	896	1025	920
0	372	1125	454	1153
0	876	1125	972	1153
0	710	1130	724	1148
0	835	1130	858	1148
0	1087	1232	1105	1254
0	880	1233	1031	1260
0	531	1235	554	1256
0	567	1235	590	1256
0	1089	1266	1112	1287
0	353	1291	421	1320
0	1022	1291	1131	1326
0	834	1294	855	1315
0	457	1326	475	1348
0	372	1330	384	1349
0	814	1377	928	1404
0	357	1405	627	1432
0	446	1438	462	1456
0	691	1438	714	1456
0	983	1497	1006	1515
0	303	1551	559	1578
0	499	1583	522	1601
0	797	1691	820	1707
0	498	1717	612	1744
