0	1258	325	1284	354
0	454	328	488	352
0	814	599	841	628
0	970	643	1020	669
0	654	685	700	728
0	971	689	998	718
0	509	693	541	719
0	868	775	914	818
0	1193	780	1220	809
0	720	783	752	809
0	1258	826	1284	855
0	947	867	993	910
0	805	875	839	899
0	255	917	305	943
0	880	963	907	992
0	1156	967	1190	993
0	222	1003	283	1048
0	333	1008	383	1032
0	1101	1010	1128	1039
0	934	1048	995	1093
0	1035	1101	1062	1130
0	894	1141	940	1184
0	989	1145	1039	1169
0	756	1149	790	1173
0	553	1187	598	1231
0	644	1190	694	1214
0	222	1192	249	1221
0	1258	1192	1284	1221
0	414	1196	448	1220
0	503	1238	530	1267
0	398	1282	448	1306
0	1104	1284	1131	1313
0	678	1391	704	1429
0	860	1466	905	1509
0	955	1470	1005	1496
0	454	1474	486	1498
0	407	1608	433	1637
0	704	1618	733	1636
0	1170	1665	1199	1683
