0	588	441	806	490
0	593	531	844	572
0	532	638	910	665
0	467	1045	924	1094
0	524	1158	917	1188
0	367	1263	1069	1433
0	534	1533	908	1566
0	548	316	565	334
0	555	339	572	361
0	431	345	470	363
0	892	351	916	365
0	400	371	455	397
0	497	371	630	397
0	795	371	926	397
0	342	695	518	719
0	790	695	822	716
0	986	722	1044	748
0	338	724	355	742
0	797	724	817	742
0	425	773	456	794
0	569	822	586	840
0	915	849	997	875
0	652	885	676	900
0	696	1111	750	1137
0	917	1113	933	1134
0	346	1215	623	1243
0	737	1215	967	1243
0	461	1454	743	1484
0	699	1592	716	1619
0	752	1592	769	1614
0	375	1598	392	1619
0	360	1651	377	1678
0	742	1653	803	1679
0	1001	1653	1055	1679
0	553	1683	712	1709
0	826	1684	958	1712
0	562	1713	601	1731
