0	618	374	867	429
0	667	877	822	939
0	546	1008	941	1086
0	438	1185	1053	1267
0	606	1310	882	1363
0	506	1463	982	1540
0	644	1844	848	1908
0	701	277	751	299
0	207	280	280	306
0	1250	280	1349	306
0	671	283	686	301
0	1018	283	1033	301
0	1171	283	1188	301
0	436	310	541	336
0	940	310	1020	336
0	1206	311	1282	332
0	1282	531	1299	547
0	580	536	595	547
0	441	586	491	612
0	858	618	922	637
0	1117	618	1134	634
0	196	642	329	671
0	950	731	1060	758
0	340	732	462	756
0	1159	734	1184	758
0	173	739	187	751
0	243	739	257	755
0	994	762	1102	788
0	503	763	516	785
0	274	769	288	781
0	532	769	557	788
0	811	769	826	781
0	925	789	1011	815
0	196	791	208	813
0	789	791	814	815
0	1305	791	1318	813
0	294	797	319	816
0	765	826	779	838
0	1102	826	1123	845
0	423	849	435	871
0	833	951	867	972
0	1171	961	1185	973
0	516	1155	573	1181
0	608	1156	658	1178
0	356	1281	398	1305
0	877	1282	890	1304
0	1116	1282	1171	1304
0	1208	1282	1223	1300
0	723	1287	735	1303
0	965	1376	1000	1400
0	1199	1376	1342	1396
0	817	1404	866	1426
0	1086	1404	1101	1422
0	375	1430	409	1451
0	836	1432	886	1456
0	209	1551	227	1569
0	566	1551	585	1569
0	634	1580	689	1604
0	899	1580	952	1604
0	992	1580	1098	1604
0	318	1581	428	1603
0	1175	1581	1204	1605
0	615	1609	628	1631
0	1194	1610	1212	1626
0	279	1617	295	1632
0	644	1637	728	1661
0	372	1640	390	1656
0	683	1695	729	1719
0	786	1724	897	1751
0	909	1753	959	1779
0	657	1755	672	1773
0	351	1762	367	1777
0	510	1782	557	1808
0	956	1782	1003	1808
0	1130	1785	1145	1803
0	866	1810	999	1839
