0	492	201	1066	266
0	487	606	1073	668
0	1061	294	1113	325
0	1217	294	1270	325
0	368	334	819	371
0	957	339	977	360
0	1250	427	1287	451
0	748	468	827	498
0	905	468	986	498
0	439	512	490	542
0	564	512	617	542
0	991	514	1028	540
0	322	738	395	767
0	444	738	516	767
0	663	738	739	767
0	787	738	861	767
0	362	935	422	965
0	468	935	527	965
0	174	982	257	1009
0	258	1024	316	1053
0	902	1026	927	1047
0	1037	1111	1096	1140
0	1143	1111	1209	1140
0	329	1284	423	1314
0	1216	1286	1288	1309
0	1131	1328	1219	1357
0	1258	1328	1382	1357
0	508	1374	584	1397
0	1318	1415	1381	1445
0	1060	1588	1107	1620
0	750	1677	846	1706
0	1127	1721	1223	1750
0	215	1722	240	1743
0	859	1767	884	1788
