0	352	326	1109	405
0	476	1181	986	1330
0	530	1532	936	1701
0	643	1741	818	1812
0	272	272	414	298
0	797	275	813	299
0	721	276	738	295
0	267	466	347	485
0	657	466	728	484
0	196	560	525	589
0	1077	565	1093	584
0	548	598	583	620
0	646	598	667	617
0	950	598	1029	617
0	642	663	718	682
0	196	695	282	723
0	324	703	407	715
0	667	730	749	748
0	826	730	898	748
0	1253	762	1269	786
0	299	769	383	787
0	509	769	548	787
0	743	769	758	781
0	1105	792	1234	821
0	947	796	989	825
0	723	830	795	848
0	885	859	1058	888
0	476	1044	558	1062
0	1079	1044	1096	1062
0	196	1068	450	1096
0	461	1068	713	1096
0	300	1354	405	1382
0	1133	1354	1276	1383
0	196	1387	232	1416
0	772	1387	871	1415
0	1220	1389	1240	1409
0	872	1454	935	1482
0	489	1487	676	1515
0	362	1489	397	1516
0	804	1495	886	1513
0	443	1718	472	1737
