0	642	314	797	386
0	318	445	1126	485
0	236	611	1205	672
0	487	738	953	793
0	364	852	1079	927
0	384	1104	1055	1176
0	298	1408	1136	1438
0	300	1529	1138	1559
0	423	1717	1015	1795
0	1223	245	1265	278
0	864	523	943	543
0	244	696	324	717
0	806	952	890	972
0	654	987	782	1016
0	174	1033	214	1054
0	468	1264	572	1297
0	791	1268	1035	1295
0	1130	1273	1194	1291
0	174	1274	245	1294
0	697	1301	805	1336
0	322	1309	472	1336
0	1164	1315	1237	1335
0	532	1351	593	1377
0	473	1353	494	1375
0	462	1597	490	1618
0	587	1597	653	1616
0	174	1634	294	1658
0	615	1675	743	1702
0	282	1678	348	1699
