0	351	465	1141	537
0	571	910	919	954
0	536	1141	953	1182
0	523	1372	966	1432
0	571	1515	917	1558
0	903	276	937	297
0	1002	276	1043	297
0	774	305	1014	338
0	588	345	604	372
0	513	574	811	604
0	496	609	607	639
0	786	610	802	637
0	1015	645	1031	673
0	1221	646	1304	668
0	878	680	894	708
0	174	714	484	743
0	880	714	966	743
0	1035	715	1077	736
0	396	752	417	773
0	1069	822	1095	843
0	696	857	738	878
0	259	984	300	1010
0	623	984	649	1005
0	440	1019	466	1040
0	486	1088	520	1109
0	256	1216	281	1237
0	566	1216	656	1238
0	376	1250	401	1271
0	758	1317	939	1349
0	477	1319	716	1348
0	256	1588	296	1614
0	611	1589	636	1610
0	925	1589	952	1610
0	1120	1694	1147	1715
0	496	1728	513	1755
