0	610	550	784	580
0	337	644	1105	833
0	604	940	836	968
0	360	1028	1083	1199
0	427	1336	1064	1643
0	327	316	348	334
0	1063	316	1086	334
0	478	321	504	335
0	349	343	473	370
0	822	351	848	370
0	1106	351	1132	365
0	1010	416	1064	442
0	529	419	556	437
0	709	442	726	464
0	532	445	676	472
0	429	448	468	466
0	1039	454	1062	468
0	790	475	854	499
0	890	475	1030	499
0	465	476	504	494
0	398	504	482	528
0	737	854	877	880
0	939	854	1061	880
0	499	856	538	877
0	424	883	453	903
0	730	883	850	906
0	946	883	1088	909
0	489	884	512	900
0	303	914	421	935
0	624	985	645	1009
0	954	1222	972	1244
0	303	1257	442	1278
0	689	1301	859	1325
0	303	1736	320	1758
