0	588	254	966	300
0	225	147	342	185
0	924	150	1021	181
0	903	339	941	363
0	1068	339	1232	370
0	1139	379	1238	414
0	784	385	875	408
0	983	429	1082	459
0	497	515	604	544
0	858	558	907	582
0	954	559	1052	588
0	533	561	558	582
0	1351	562	1380	582
0	174	646	350	677
0	364	646	459	677
0	469	646	590	676
0	989	646	1088	676
0	648	650	731	676
0	856	690	983	720
0	1136	690	1226	720
0	431	700	522	720
0	551	735	650	764
0	1125	735	1249	764
0	439	780	464	801
0	1281	822	1382	851
0	929	865	1013	895
0	836	866	917	895
0	1083	866	1202	895
0	1261	868	1346	891
0	992	1039	1168	1069
0	1178	1039	1260	1069
0	397	1084	487	1113
0	938	1084	1102	1114
0	1286	1084	1381	1114
0	353	1127	473	1157
0	530	1130	601	1153
0	249	1304	325	1327
0	667	1347	739	1370
0	1135	1478	1244	1499
0	281	1520	374	1549
0	174	1600	383	1637
0	586	1667	683	1685
