0	445	388	991	426
0	521	581	921	721
0	490	783	946	812
0	574	1130	821	1202
0	345	1391	1095	1454
0	545	1565	896	1593
0	880	313	1029	337
0	676	316	699	334
0	734	316	751	334
0	376	447	523	473
0	801	447	994	473
0	679	475	893	501
0	303	505	441	533
0	711	505	773	531
0	803	505	858	531
0	511	534	528	556
0	718	534	760	561
0	996	534	1013	561
0	544	832	561	860
0	1058	986	1140	1010
0	479	1016	540	1040
0	303	1053	327	1067
0	768	1093	850	1117
0	988	1215	1015	1244
0	373	1216	688	1242
0	488	1247	506	1265
0	421	1287	565	1314
0	1045	1287	1151	1316
0	893	1298	917	1312
0	303	1317	500	1346
0	1073	1320	1138	1341
0	523	1522	550	1538
0	722	1522	739	1538
0	694	1613	999	1638
0	461	1617	516	1638
0	904	1641	1028	1666
0	397	1643	567	1672
0	795	1647	835	1673
0	524	1674	547	1696
0	724	1674	817	1696
0	976	1674	1084	1702
0	582	1679	609	1695
0	355	1702	453	1732
0	719	1702	841	1731
0	543	1707	663	1733
0	364	1735	448	1758
