0	550	390	845	425
0	617	911	822	939
0	606	1155	832	1182
0	590	1599	851	1638
0	578	1702	863	1732
0	790	314	881	333
0	532	316	559	334
0	436	351	460	365
0	737	446	825	468
0	335	449	650	478
0	833	523	1005	551
0	422	528	531	556
0	677	557	784	583
0	439	558	619	587
0	1013	558	1105	581
0	921	587	1104	614
0	436	589	569	615
0	360	618	690	643
0	606	645	666	670
0	303	649	344	670
0	834	649	895	678
0	474	727	515	748
0	1011	773	1059	796
0	566	774	592	792
0	929	774	946	792
0	501	811	525	825
0	981	811	997	826
0	788	832	845	856
0	902	832	957	856
0	374	968	400	990
0	445	997	622	1021
0	697	1045	744	1068
0	1003	1045	1131	1068
0	372	1071	522	1098
0	941	1076	991	1099
0	1044	1076	1099	1099
0	705	1105	720	1126
0	374	1209	538	1233
0	592	1210	629	1231
0	620	1239	950	1265
0	903	1313	997	1348
0	1055	1313	1137	1348
0	379	1316	564	1342
0	374	1350	481	1376
0	383	1377	568	1410
0	569	1431	596	1449
0	409	1461	508	1479
0	1106	1461	1138	1482
0	576	1517	932	1541
0	555	1547	681	1570
0	752	1547	943	1573
0	441	1653	556	1676
0	776	1653	911	1673
