0	348	319	1095	400
0	375	641	1067	714
0	199	960	1181	1000
0	519	1067	921	1107
0	524	1163	918	1203
0	356	1282	1087	1330
0	328	1486	1117	1617
0	398	267	456	288
0	359	427	438	460
0	789	432	848	453
0	1018	434	1028	453
0	633	437	646	453
0	1060	467	1139	500
0	1243	482	1258	494
0	512	516	540	537
0	174	549	253	582
0	361	564	376	576
0	701	743	897	772
0	958	747	1154	771
0	977	788	1209	814
0	485	792	641	810
0	255	796	363	811
0	206	911	224	929
0	312	1363	331	1381
0	463	1363	486	1379
0	174	1395	253	1428
0	604	1405	617	1420
0	244	1643	269	1666
