0	626	833	858	922
0	453	1225	1039	1505
0	408	1584	1084	1647
0	424	271	452	302
0	1057	329	1080	356
0	406	364	429	391
0	450	471	474	498
0	174	541	210	562
0	1082	575	1098	596
0	445	715	481	736
0	1051	723	1068	736
0	802	751	917	774
0	278	943	294	964
0	521	943	544	964
0	626	943	656	964
0	1000	978	1032	999
0	174	1013	215	1034
0	214	1048	248	1069
0	738	1048	779	1069
0	534	1085	557	1112
0	512	1150	544	1174
0	610	1150	642	1174
0	174	1153	359	1183
0	669	1673	824	1699
0	843	1673	1003	1699
0	308	1703	327	1721
0	957	1703	995	1721
0	1057	1703	1076	1721
0	253	1733	285	1751
0	345	1733	364	1751
