0	466	1079	926	1151
0	590	1650	851	1677
0	383	833	412	849
0	688	1016	756	1042
0	496	1018	514	1036
0	404	1046	430	1064
0	612	1161	730	1185
0	328	1167	355	1185
0	765	1167	793	1185
0	954	1167	981	1185
0	357	1190	474	1214
0	877	1370	916	1388
0	910	1400	941	1421
0	387	1429	406	1447
0	844	1429	871	1447
0	303	1458	330	1474
0	582	1458	621	1474
0	618	1480	792	1510
0	376	1494	389	1509
0	750	1514	796	1538
0	694	1516	715	1532
0	490	1523	503	1538
0	652	1542	794	1571
0	303	1543	378	1569
0	1056	1543	1131	1569
0	957	1546	973	1562
0	444	1551	460	1563
0	609	1573	825	1602
0	303	1605	472	1634
0	555	1608	583	1629
0	851	1608	882	1629
