0	484	364	1116	426
0	544	539	1054	601
0	532	787	1067	856
0	612	1130	986	1192
0	637	1243	960	1325
0	525	1477	1072	1546
0	674	308	735	337
0	752	440	840	463
0	925	440	946	458
0	999	447	1023	462
0	383	470	409	488
0	700	471	809	487
0	441	499	535	522
0	621	499	640	517
0	487	623	606	655
0	904	637	918	649
0	937	692	957	712
0	678	695	692	707
0	691	715	739	741
0	303	718	360	742
0	454	726	469	741
0	648	755	662	766
0	523	885	537	896
0	303	943	317	954
0	1015	1080	1076	1106
0	1239	1082	1260	1100
0	303	1088	317	1100
0	303	1110	350	1136
0	744	1212	758	1224
0	361	1350	396	1371
0	1270	1355	1293	1370
0	1153	1377	1292	1403
0	642	1378	658	1399
0	810	1378	826	1396
0	331	1405	493	1431
0	739	1405	800	1431
0	1059	1405	1105	1431
0	1001	1408	1022	1426
0	564	1430	738	1460
0	373	1567	425	1591
0	681	1567	742	1591
0	548	1568	638	1590
0	985	1568	1008	1586
0	1061	1568	1111	1590
0	330	1597	377	1621
