0	682	352	808	389
0	682	1197	808	1240
0	618	189	657	210
0	916	189	939	210
0	372	235	398	259
0	390	433	537	463
0	645	436	661	457
0	1130	476	1154	505
0	794	528	956	556
0	754	579	815	608
0	258	581	286	607
0	868	582	894	603
0	615	626	662	650
0	833	676	929	707
0	288	678	419	701
0	492	678	519	699
0	771	722	818	746
0	1205	723	1257	746
0	506	772	558	796
0	1252	772	1304	796
0	624	772	720	803
0	652	821	709	844
0	777	822	873	852
0	174	865	202	897
0	1039	912	1191	948
0	1286	912	1313	943
0	793	920	832	944
0	461	966	522	989
0	593	967	663	997
0	736	1016	807	1045
0	824	1016	920	1046
0	343	1059	382	1091
0	174	1063	244	1093
0	417	1267	456	1299
0	903	1267	920	1296
0	496	1497	513	1518
0	803	1538	820	1567
0	687	1644	706	1668
0	252	1675	271	1698
0	795	1710	813	1728
0	1237	1710	1258	1728
0	227	1736	385	1764
