0	519	1660	931	1710
0	677	237	739	252
0	974	424	1034	454
0	608	496	622	516
0	667	526	726	555
0	1001	594	1060	623
0	397	632	412	652
0	475	632	489	652
0	957	663	1031	690
0	647	763	706	793
0	561	800	576	820
0	622	800	635	820
0	360	831	420	861
0	894	834	909	854
0	985	867	1158	893
0	521	868	536	889
0	596	868	611	888
0	337	936	351	956
0	438	1003	515	1030
0	1024	1523	1082	1549
0	1066	1564	1081	1584
0	778	1565	793	1584
0	354	1730	379	1751
0	487	1737	503	1757
0	699	1762	782	1791
0	1030	1765	1068	1786
0	407	1798	446	1822
0	671	1799	736	1825
