0	301	450	1091	487
0	601	581	845	612
0	250	357	409	386
0	915	357	1187	386
0	890	650	960	679
0	585	752	703	787
0	320	787	482	816
0	1100	787	1204	816
0	320	822	507	851
0	600	822	883	851
0	904	822	1187	851
0	320	857	599	886
0	649	891	742	921
0	849	893	869	914
0	563	925	819	957
0	583	1056	705	1087
0	491	1089	697	1120
0	320	1093	356	1114
0	320	1163	650	1192
0	736	1163	1007	1192
0	1026	1163	1200	1192
0	320	1198	411	1227
0	428	1198	692	1227
0	638	1233	766	1268
0	440	1404	714	1433
0	781	1404	1078	1433
0	353	1406	376	1427
0	475	1439	749	1468
0	850	1440	1004	1468
0	1023	1443	1147	1469
0	770	1474	888	1510
0	1139	1547	1158	1568
