0	537	376	910	413
0	330	524	1042	605
0	324	681	1058	718
0	569	797	877	836
0	545	924	893	974
0	270	1175	1115	1227
0	272	1408	1107	1453
0	614	1718	832	1758
0	757	322	867	351
0	858	1096	929	1125
0	666	1312	939	1357
0	468	1509	639	1555
0	330	1557	360	1587
0	1026	1586	1085	1624
0	1104	1592	1135	1623
0	1156	1592	1187	1623
0	301	1625	350	1663
0	369	1625	418	1663
0	771	1625	828	1663
0	984	1625	1031	1663
0	1049	1625	1096	1663
0	486	1628	524	1659
0	250	1632	284	1663
0	847	1632	873	1663
0	892	1632	918	1663
0	937	1632	965	1663
0	1163	1635	1193	1661
