0	523	329	932	402
0	362	731	1129	900
0	466	1183	1030	1437
0	602	1572	852	1655
0	427	274	577	304
0	256	276	364	306
0	174	437	209	461
0	847	437	944	461
0	878	485	971	511
0	1016	485	1112	506
0	1181	485	1277	506
0	487	534	574	560
0	912	534	991	555
0	1199	534	1276	555
0	744	584	832	610
0	1142	584	1222	610
0	174	633	260	659
0	450	633	527	659
0	256	920	280	944
0	256	1470	302	1500
0	1112	1472	1140	1499
0	721	1480	738	1493
0	1205	1480	1231	1493
0	739	1522	765	1543
0	974	1693	1051	1714
0	1170	1743	1185	1763
