0	588	309	855	380
0	315	445	1201	608
0	633	711	660	729
0	250	843	305	873
0	759	850	869	871
0	1048	879	1067	900
0	678	944	716	970
0	250	949	269	976
0	868	979	905	1005
0	376	984	407	1011
0	1026	984	1067	1012
0	431	992	471	1011
0	545	992	585	1011
0	1026	1014	1188	1056
0	285	1016	323	1040
0	433	1019	467	1045
0	357	1055	755	1100
0	1032	1062	1070	1086
0	825	1064	866	1093
0	940	1102	1102	1132
0	312	1104	352	1133
0	837	1104	882	1125
0	996	1244	1015	1271
0	332	1275	370	1299
0	906	1275	944	1299
0	689	1280	708	1307
0	810	1315	840	1342
0	1014	1315	1046	1341
0	856	1323	897	1342
0	913	1323	953	1342
0	425	1350	471	1371
0	1149	1385	1195	1406
0	550	1489	698	1518
0	801	1489	970	1518
0	544	1668	586	1692
0	470	1702	613	1731
0	977	1702	1016	1729
