0	669	215	692	236
0	1006	215	1081	236
0	788	223	858	242
0	601	256	646	285
0	1012	342	1030	363
0	686	385	724	407
0	1212	391	1228	403
0	1097	424	1168	454
0	513	463	627	500
0	326	467	437	498
0	1130	468	1165	492
0	674	517	689	536
0	443	552	471	582
0	208	636	325	667
0	920	677	965	707
0	352	890	371	911
0	416	1360	476	1389
0	657	1361	674	1389
0	787	1361	801	1382
0	503	1362	518	1382
0	578	1369	596	1382
0	720	1369	736	1389
0	853	1369	867	1382
0	927	1369	944	1382
0	1004	1369	1020	1382
0	438	1405	453	1425
0	438	1448	453	1468
0	438	1491	453	1511
0	580	1491	595	1511
0	721	1491	736	1511
0	787	1491	802	1511
0	853	1491	868	1511
0	438	1534	450	1554
0	580	1534	595	1554
0	658	1534	670	1554
0	721	1534	733	1554
0	1005	1534	1020	1554
0	547	1577	628	1603
0	658	1577	673	1597
0	704	1577	752	1603
0	835	1577	883	1603
0	989	1577	1038	1603
0	438	1579	453	1598
0	787	1579	802	1598
0	929	1579	941	1598
0	438	1622	453	1642
0	580	1622	595	1642
0	721	1622	736	1642
0	787	1622	802	1642
0	853	1622	868	1642
0	913	1622	961	1646
0	989	1622	1038	1646
0	438	1665	453	1685
0	714	1665	741	1688
0	780	1665	807	1688
0	924	1665	950	1688
0	1000	1665	1027	1688
