0	518	345	938	411
0	608	988	844	1060
0	421	1511	1029	1576
0	327	210	411	236
0	718	436	767	466
0	297	482	328	502
0	464	483	642	505
0	341	521	396	550
0	1048	524	1078	544
0	539	565	664	593
0	330	572	441	592
0	463	656	479	668
0	208	692	239	712
0	1106	815	1234	844
0	510	857	614	887
0	586	898	906	930
0	1037	908	1052	928
0	757	1086	793	1117
0	292	1093	310	1106
0	819	1372	872	1401
0	1171	1414	1235	1443
0	290	1601	467	1630
0	546	1601	611	1630
0	1210	1603	1235	1627
0	443	1642	709	1673
0	760	1729	814	1760
