0	404	215	480	244
0	422	266	461	286
0	656	266	695	289
0	867	266	907	289
0	422	309	461	329
0	795	309	835	333
0	422	352	461	372
0	725	352	765	376
0	936	352	976	376
0	422	396	461	416
0	656	396	695	419
0	867	396	907	419
0	1015	396	1041	419
0	422	439	461	459
0	797	439	836	462
0	422	482	461	502
0	867	482	907	505
0	1007	482	1046	505
0	423	527	462	547
0	725	527	764	551
0	867	527	906	551
0	936	527	976	551
0	422	572	461	592
0	656	572	695	595
0	795	572	835	595
0	1015	572	1041	595
0	422	615	461	635
0	725	615	764	638
0	422	658	461	678
0	725	658	764	681
0	936	658	976	681
0	1006	658	1046	681
0	422	701	461	721
0	795	701	835	724
0	936	701	976	724
0	423	746	462	766
0	725	746	764	770
0	795	746	835	770
0	1007	746	1046	770
0	422	790	461	810
0	585	790	624	813
0	936	790	976	813
0	422	833	461	853
0	656	833	695	856
0	867	833	906	856
0	422	876	461	896
0	725	876	764	899
0	795	876	835	899
0	1006	876	1046	899
0	423	923	462	943
0	656	923	695	947
0	867	923	906	947
0	1007	923	1046	947
0	422	967	461	987
0	585	967	624	990
0	795	967	835	990
0	1006	967	1046	990
0	422	1010	461	1030
0	656	1010	695	1033
0	867	1010	906	1033
0	936	1010	976	1033
0	420	1055	459	1075
0	580	1055	620	1079
0	722	1055	762	1079
0	934	1055	973	1079
0	419	1098	458	1118
0	580	1098	620	1122
0	722	1098	762	1122
0	862	1098	902	1122
0	1007	1098	1046	1122
0	419	1147	458	1167
0	510	1147	550	1171
0	652	1147	692	1171
0	792	1147	831	1171
0	934	1147	973	1171
0	1003	1148	1052	1169
