0	544	465	906	502
0	633	604	818	643
0	227	751	1134	788
0	319	923	1039	990
0	492	1116	962	1168
0	597	1320	860	1358
0	520	1438	937	1503
0	394	1685	1054	1774
0	767	277	786	298
0	208	361	237	385
0	1003	368	1017	381
0	653	400	750	429
0	970	403	999	427
0	292	688	321	715
0	567	688	673	715
0	283	829	321	858
0	1142	830	1154	851
0	1058	838	1074	851
0	667	875	680	893
0	333	1019	362	1045
0	508	1062	538	1089
0	1013	1246	1083	1267
0	1149	1246	1235	1275
0	296	1247	334	1275
0	776	1253	790	1265
0	353	1387	470	1408
0	846	1536	878	1559
0	450	1539	469	1560
0	1209	1539	1243	1563
