0	252	840	1102	912
0	208	214	306	243
0	893	271	969	307
0	582	364	596	377
0	671	431	698	453
0	576	434	591	454
0	879	434	894	454
0	741	436	751	455
0	662	440	670	453
0	731	440	739	453
0	800	440	807	453
0	810	440	824	453
0	869	440	876	453
0	671	500	696	522
0	879	500	904	522
0	576	504	591	524
0	662	509	670	522
0	731	509	739	522
0	741	509	758	522
0	800	509	808	522
0	810	509	827	522
0	869	509	876	522
0	879	569	905	591
0	576	573	591	593
0	671	573	686	593
0	810	574	820	593
0	662	578	670	591
0	731	578	739	591
0	741	578	755	591
0	800	578	807	591
0	869	578	876	591
0	955	647	969	660
0	665	666	680	686
0	734	666	749	686
0	802	666	817	686
0	871	666	886	686
0	682	941	701	963
0	290	945	307	965
0	824	1020	900	1049
0	505	1139	550	1168
0	756	1367	771	1379
0	657	1377	760	1409
0	920	1454	997	1484
0	914	1487	930	1501
0	985	1492	1003	1513
0	541	1642	633	1677
0	366	1645	462	1674
0	1142	1645	1235	1674
0	277	1684	379	1719
0	1149	1726	1244	1762
0	962	1728	1068	1758
0	802	1729	901	1758
0	267	1768	380	1804
0	1130	1768	1235	1804
0	671	1770	790	1800
