0	225	1087	1191	1158
0	476	1343	974	1387
0	626	1534	822	1580
0	207	276	242	302
0	1220	319	1278	348
0	757	410	836	431
0	250	857	329	886
0	1243	900	1278	931
0	619	903	639	924
0	1083	905	1144	926
0	445	910	484	931
0	925	944	961	980
0	329	946	534	975
0	636	946	715	975
0	400	993	432	1022
0	498	1001	525	1020
0	836	1038	905	1058
0	781	1188	824	1224
0	685	1192	713	1222
0	241	1198	255	1211
0	544	1234	749	1263
0	288	1281	339	1310
0	873	1281	930	1310
0	1033	1427	1112	1457
0	1008	1473	1029	1494
0	1114	1609	1133	1627
0	238	1634	267	1662
0	462	1634	491	1662
0	692	1639	721	1660
0	747	1668	767	1686
