0	382	301	1014	358
0	462	886	935	968
0	608	1071	837	1126
0	338	1229	1098	1366
0	502	1412	941	1481
0	562	1580	882	1649
0	621	1719	775	1774
0	363	377	402	405
0	723	377	739	397
0	1084	441	1157	469
0	950	445	964	463
0	1138	475	1152	499
0	591	507	673	535
0	513	509	541	528
0	756	516	769	528
0	910	541	980	569
0	847	541	860	565
0	535	542	563	561
0	611	604	746	628
0	813	608	928	636
0	980	609	1009	628
0	1026	635	1044	665
0	574	641	588	661
0	498	647	512	665
0	586	673	760	697
0	543	706	559	726
0	470	707	483	730
0	606	740	634	759
0	750	985	890	1012
0	363	986	383	1006
0	1028	986	1057	1010
0	442	987	456	1006
0	1104	1019	1132	1039
0	983	1020	997	1039
0	895	1027	908	1039
0	748	1153	764	1171
0	561	1497	773	1525
0	342	1506	358	1522
0	862	1506	900	1526
0	368	1529	504	1553
0	577	1533	637	1553
0	730	1676	743	1696
