0	351	527	1051	584
0	331	654	1139	1084
0	354	1164	1115	1582
0	648	293	794	319
0	508	323	545	344
0	603	323	639	344
0	730	323	758	344
0	1013	323	1032	339
0	1092	323	1110	339
0	431	351	468	377
0	523	351	560	377
0	1052	353	1080	374
0	963	379	1069	406
0	453	381	472	399
0	532	381	551	399
0	812	411	831	429
0	891	411	910	429
0	505	438	569	464
0	625	438	689	464
0	1069	438	1160	465
0	733	439	752	457
0	809	439	828	457
0	532	466	821	493
0	287	467	473	493
0	287	497	445	521
0	746	498	814	518
0	889	498	920	519
0	961	498	980	516
0	509	599	540	620
0	736	599	800	619
0	1128	599	1158	620
0	899	600	919	616
0	528	628	555	646
0	983	628	1014	649
0	983	1095	1170	1123
0	551	1096	900	1124
0	470	1099	517	1123
0	287	1123	326	1151
0	481	1589	1152	1617
0	786	1617	1005	1652
0	469	1626	522	1642
0	561	1626	614	1642
0	460	1653	606	1677
0	660	1653	804	1679
0	445	1683	552	1709
0	887	1685	915	1706
0	599	1710	707	1732
0	999	1712	1076	1738
0	788	1742	824	1768
0	287	1744	377	1762
0	319	1772	351	1793
0	467	1802	495	1823
