0	615	362	831	389
0	619	445	828	473
0	586	1537	861	1598
0	501	293	565	319
0	454	294	472	312
0	786	533	851	557
0	888	533	950	557
0	608	562	692	586
0	747	562	831	586
0	655	668	671	686
0	728	668	755	686
0	747	695	830	721
0	420	726	436	744
0	920	783	1011	801
0	618	812	676	836
0	721	813	740	831
0	761	840	837	864
0	287	869	363	893
0	607	869	838	897
0	454	871	547	889
0	1016	871	1037	889
0	434	899	535	921
0	517	933	535	951
0	891	961	1016	981
0	287	990	452	1018
0	362	1019	427	1043
0	693	1019	777	1037
0	494	1048	513	1066
0	882	1048	990	1069
0	394	1105	443	1131
0	1068	1105	1117	1131
0	612	1107	700	1125
0	733	1135	782	1159
0	287	1164	352	1190
0	356	1192	421	1218
0	287	1252	313	1270
0	521	1252	597	1270
0	647	1252	723	1270
0	859	1278	1034	1305
0	319	1282	345	1300
0	713	1282	799	1300
0	287	1309	367	1335
0	936	1310	963	1328
0	412	1336	599	1363
0	991	1336	1160	1363
0	287	1338	371	1362
0	816	1338	948	1362
0	397	1368	525	1392
0	343	1396	380	1420
0	516	1441	581	1465
0	405	1471	489	1495
0	736	1472	763	1488
0	317	1499	365	1523
0	510	1625	533	1643
0	557	1668	623	1694
0	287	1696	345	1722
0	801	1696	885	1722
0	1070	1699	1093	1717
0	884	1772	900	1790
0	937	1772	953	1790
0	430	1801	578	1825
