0	437	1249	1018	1331
0	660	1513	836	1646
0	1122	314	1216	345
0	208	398	306	428
0	208	500	318	535
0	827	504	888	534
0	1073	504	1179	533
0	1007	542	1128	577
0	770	547	831	576
0	208	661	306	691
0	672	721	738	756
0	582	846	597	859
0	576	916	591	936
0	810	916	825	936
0	662	922	670	935
0	671	922	685	935
0	731	922	739	935
0	741	922	758	935
0	800	922	807	935
0	576	985	591	1005
0	671	985	686	1005
0	662	991	670	1004
0	731	991	739	1004
0	741	991	758	1004
0	800	991	807	1004
0	810	991	824	1004
0	885	1060	899	1073
0	665	1078	680	1097
0	734	1078	749	1098
0	802	1078	817	1098
0	827	1359	922	1394
0	380	1362	481	1391
0	756	1402	844	1437
0	566	1404	669	1433
0	445	1412	470	1430
0	299	1454	374	1474
0	570	1688	601	1714
0	745	1692	862	1714
