0	608	909	844	961
0	487	1091	965	1155
0	656	1247	800	1290
0	651	1436	801	1503
0	621	1552	836	1590
0	601	1758	849	1798
0	389	214	454	243
0	1084	381	1235	411
0	434	384	634	413
0	341	425	364	451
0	1010	603	1025	630
0	570	611	586	630
0	991	645	1005	666
0	449	653	465	672
0	892	773	951	794
0	845	857	860	883
0	533	1002	549	1021
0	809	1036	969	1065
0	578	1039	588	1058
0	292	1184	308	1213
0	888	1192	918	1213
0	524	1321	709	1365
0	208	1414	239	1440
0	825	1609	1054	1654
0	588	1658	626	1689
0	345	1660	383	1689
0	688	1660	758	1687
0	498	1668	515	1680
