0	610	859	846	931
0	256	1702	1194	1745
0	989	215	1019	241
0	582	328	720	351
0	857	328	985	351
0	319	331	466	352
0	582	371	763	395
0	857	371	1133	395
0	319	373	480	394
0	319	413	491	437
0	582	413	710	437
0	857	413	1030	437
0	319	455	443	479
0	582	455	759	479
0	857	455	1053	479
0	582	497	708	521
0	319	499	473	520
0	319	540	443	564
0	582	540	717	564
0	319	582	459	606
0	582	582	730	606
0	208	726	306	755
0	266	789	290	816
0	1108	789	1131	816
0	988	796	1013	814
0	322	950	397	976
0	914	950	989	976
0	857	1029	927	1064
0	293	1031	391	1060
0	322	1113	394	1143
0	292	1242	389	1271
0	444	1516	489	1545
0	208	1602	292	1628
0	457	1608	472	1621
0	421	1642	481	1672
