0	665	585	782	613
0	647	760	798	789
0	600	850	851	888
0	305	1790	1096	1828
0	956	293	1016	319
0	727	294	755	315
0	716	381	744	402
0	592	407	628	428
0	966	489	1047	513
0	588	490	624	511
0	376	519	403	535
0	491	519	769	542
0	1139	525	1158	539
0	360	634	581	660
0	696	634	884	660
0	968	636	1161	658
0	357	666	369	681
0	720	670	759	688
0	498	692	561	718
0	798	694	834	715
0	920	694	938	712
0	699	700	722	714
0	1138	700	1161	714
0	333	721	403	747
0	357	809	509	832
0	341	914	481	941
0	982	915	1153	941
0	778	917	797	935
0	918	917	941	938
0	819	942	1066	970
0	707	944	736	968
0	603	975	727	999
0	788	1102	811	1120
0	768	1185	802	1206
0	447	1217	468	1235
0	287	1243	413	1270
0	477	1243	720	1270
0	803	1246	842	1270
0	287	1274	353	1300
0	775	1275	964	1319
0	939	1319	1153	1346
0	287	1321	448	1345
0	535	1349	780	1376
0	887	1378	1160	1405
0	525	1380	548	1398
0	1060	1406	1163	1435
0	286	1436	458	1465
0	621	1436	720	1463
0	770	1466	948	1495
0	465	1471	537	1492
0	317	1497	383	1523
0	961	1497	1133	1523
0	335	1528	410	1552
0	540	1529	555	1551
0	546	1555	620	1582
0	1060	1625	1083	1641
0	287	1651	367	1678
0	631	1721	764	1742
0	847	1721	957	1742
0	563	1751	586	1769
0	1035	1751	1065	1769
