0	615	1227	831	1254
0	526	353	553	371
0	701	439	724	457
0	487	498	508	516
0	696	526	717	544
0	1060	526	1083	544
0	483	615	506	633
0	805	615	841	636
0	992	615	1015	631
0	973	702	996	718
0	484	789	507	807
0	630	1056	746	1072
0	351	1086	421	1105
0	637	1086	656	1104
0	1003	1086	1108	1104
0	781	1091	795	1103
0	1080	1171	1160	1197
0	840	1173	867	1191
0	782	1264	896	1288
0	693	1265	719	1286
0	564	1292	701	1316
0	375	1293	493	1314
0	894	1318	1058	1345
0	362	1324	484	1342
0	894	1352	955	1376
0	404	1352	423	1370
0	990	1352	1054	1372
0	592	1360	607	1371
0	1027	1378	1069	1399
0	287	1381	418	1405
0	757	1389	770	1404
0	712	1412	800	1430
0	555	1469	605	1493
0	1109	1469	1159	1493
0	858	1471	948	1487
0	382	1472	395	1487
0	936	1529	993	1549
0	443	1555	664	1582
0	287	1556	337	1582
0	743	1556	841	1582
0	869	1583	904	1604
0	675	1702	740	1726
0	547	1702	573	1720
0	816	1702	932	1720
0	654	1728	757	1750
0	337	1733	353	1751
