0	374	975	1074	1003
0	410	1303	1035	1390
0	430	294	484	321
0	286	294	412	316
0	668	321	747	350
0	983	321	1108	350
0	1016	355	1096	379
0	593	430	622	448
0	475	456	580	483
0	966	458	1005	476
0	1127	458	1154	476
0	739	487	798	511
0	926	515	985	541
0	798	516	818	534
0	531	544	608	568
0	499	574	559	598
0	1093	574	1153	598
0	402	632	481	658
0	287	661	346	687
0	858	661	1009	687
0	1138	764	1159	780
0	649	794	676	812
0	867	794	890	812
0	535	795	548	811
0	1041	821	1152	847
0	547	823	574	841
0	287	849	397	875
0	757	849	831	875
0	1097	851	1124	869
0	700	880	774	904
0	644	881	657	899
0	880	881	993	901
0	1080	881	1093	899
0	1089	907	1161	928
0	809	909	836	927
0	826	935	903	956
0	492	939	515	957
0	287	1016	397	1042
0	978	1045	1171	1071
0	585	1046	703	1067
0	286	1073	419	1099
0	1041	1074	1152	1098
0	593	1104	1072	1128
0	287	1132	415	1151
0	933	1132	1006	1151
0	925	1162	1002	1186
0	1048	1162	1158	1186
0	372	1190	483	1214
0	557	1190	636	1214
0	869	1191	884	1210
0	1044	1192	1071	1208
0	935	1193	948	1208
0	475	1219	792	1243
0	1095	1227	1111	1238
0	342	1249	371	1275
0	407	1249	518	1275
0	678	1249	841	1275
0	1008	1249	1094	1275
0	532	1277	726	1300
0	623	1395	644	1413
0	546	1395	559	1411
0	846	1422	925	1446
0	1014	1423	1034	1441
0	1078	1423	1105	1441
0	387	1453	410	1471
0	932	1453	967	1474
0	1107	1453	1122	1475
0	488	1454	501	1470
0	544	1477	640	1499
0	794	1481	813	1499
0	1064	1481	1079	1503
0	1125	1481	1160	1502
0	376	1509	502	1533
0	559	1511	665	1533
0	745	1511	791	1534
0	287	1540	322	1561
0	522	1540	538	1558
0	590	1540	706	1558
0	1125	1540	1160	1561
0	864	1567	989	1591
0	649	1568	664	1586
0	707	1568	733	1586
0	571	1571	584	1586
0	638	1597	785	1621
0	868	1598	884	1616
0	452	1625	531	1649
0	954	1625	990	1649
0	1006	1626	1021	1648
0	622	1627	641	1643
0	869	1653	892	1672
0	994	1656	1101	1678
0	638	1657	673	1678
0	738	1658	751	1674
0	287	1684	457	1710
0	1004	1684	1081	1710
0	496	1685	512	1701
0	869	1710	905	1737
0	287	1714	308	1732
0	352	1714	379	1732
0	976	1714	995	1732
0	1051	1714	1072	1732
0	1096	1744	1112	1762
0	611	1770	770	1796
0	824	1770	984	1796
0	287	1772	303	1790
0	723	1799	894	1825
0	554	1802	618	1820
