0	398	361	1052	495
0	517	615	935	749
0	303	840	1098	878
0	345	1090	1097	1119
0	288	1182	1157	1218
0	386	1284	1062	1313
0	398	1374	1052	1508
0	287	1568	1174	1606
0	969	294	993	312
0	439	516	523	537
0	681	519	707	540
0	894	545	1032	571
0	1046	545	1166	571
0	287	549	324	571
0	602	549	639	571
0	286	575	299	602
0	377	575	549	601
0	543	771	726	798
0	783	771	913	798
0	781	898	1009	924
0	451	906	477	920
0	287	925	415	952
0	430	925	558	952
0	1083	954	1110	975
0	944	958	967	976
0	575	985	652	1009
0	746	986	788	1013
0	959	986	984	1007
0	287	1014	407	1042
0	618	1014	738	1038
0	791	1014	910	1038
0	970	1016	1049	1037
0	287	1044	558	1072
0	824	1335	845	1353
0	483	1529	511	1550
0	686	1636	976	1662
0	1013	1636	1160	1662
0	518	1644	543	1658
0	631	1665	796	1692
0	971	1665	1153	1692
0	361	1667	406	1691
0	287	1693	516	1720
0	705	1805	726	1821
