0	295	215	355	244
0	1034	217	1051	244
0	513	217	528	237
0	782	224	800	237
0	465	256	575	280
0	723	256	861	280
0	988	256	1097	280
0	431	299	609	325
0	972	299	1111	330
0	737	303	843	324
0	981	338	1103	374
0	454	342	586	368
0	723	342	861	373
0	973	381	1110	417
0	452	385	590	411
0	710	385	875	417
0	703	425	880	460
0	441	429	602	460
0	959	429	1124	460
0	974	468	1109	503
0	440	472	602	503
0	730	472	856	503
0	425	512	616	547
0	971	512	1111	547
0	708	515	878	546
0	383	555	658	590
0	688	555	897	590
0	925	555	1157	590
0	286	607	346	636
0	663	608	677	629
0	455	616	471	635
0	870	616	884	629
0	1072	616	1089	629
0	602	646	737	678
0	1005	646	1156	678
0	417	652	511	672
0	810	652	946	679
0	382	690	545	721
0	595	690	745	721
0	836	693	918	722
0	1026	693	1135	722
0	615	734	722	765
0	788	734	966	765
0	416	736	511	765
0	1060	738	1101	765
0	995	773	1166	808
0	602	777	735	809
0	843	777	913	808
0	408	779	519	808
0	600	816	739	852
0	787	816	968	852
0	1012	816	1151	852
0	408	822	519	852
0	380	859	545	895
0	814	859	939	895
0	600	863	738	895
0	1046	867	1117	895
0	600	902	739	938
0	1013	902	1151	938
0	394	907	534	938
0	832	908	923	938
0	375	946	552	981
0	814	946	940	979
0	581	950	757	981
0	1010	951	1152	980
0	289	997	349	1027
0	460	1000	476	1021
0	664	1008	681	1027
0	867	1008	883	1020
0	1069	1008	1084	1027
0	413	1038	521	1070
0	806	1040	943	1070
0	617	1044	728	1072
0	1022	1044	1131	1072
0	819	1079	932	1115
0	378	1081	555	1113
0	623	1082	721	1113
0	1021	1087	1132	1114
0	819	1122	932	1157
0	1013	1122	1140	1157
0	398	1125	537	1156
0	617	1128	728	1157
0	805	1164	944	1200
0	411	1168	522	1199
0	637	1168	707	1198
0	1035	1171	1118	1200
0	411	1208	524	1243
0	612	1208	732	1243
0	803	1208	945	1241
0	1013	1208	1141	1243
0	408	1251	527	1287
0	611	1251	733	1286
0	1026	1257	1127	1286
0	849	1259	899	1286
0	622	1294	723	1329
0	806	1294	943	1330
0	399	1298	536	1330
0	1050	1300	1100	1329
0	626	1337	719	1372
0	829	1337	921	1372
0	397	1341	538	1373
0	1030	1346	1122	1373
0	296	1389	356	1418
0	820	1392	839	1419
0	1095	1392	1111	1419
0	463	1398	480	1411
0	657	1398	673	1411
0	959	1398	978	1411
0	420	1428	522	1463
0	609	1428	723	1463
0	772	1428	887	1463
0	926	1428	1011	1463
0	1082	1430	1124	1454
0	416	1471	527	1507
0	588	1471	743	1507
0	787	1471	872	1506
0	926	1471	1011	1506
0	1082	1473	1124	1497
0	436	1514	506	1550
0	782	1514	876	1549
0	1079	1514	1129	1549
0	622	1522	706	1550
0	944	1522	994	1550
0	614	1557	715	1593
0	804	1557	854	1592
0	918	1557	1020	1593
0	1079	1557	1129	1592
0	420	1565	521	1593
0	424	1599	517	1634
0	782	1603	876	1634
0	1082	1603	1124	1627
0	644	1608	685	1628
0	947	1608	990	1628
0	420	1643	521	1678
0	614	1643	715	1678
0	804	1643	854	1676
0	1079	1643	1129	1676
0	944	1651	994	1678
0	779	1686	880	1719
0	1079	1686	1129	1719
0	446	1694	496	1721
0	614	1694	715	1721
0	944	1694	994	1721
0	424	1729	517	1762
0	620	1729	712	1762
0	923	1729	1017	1762
0	808	1733	851	1757
0	1082	1733	1124	1757
