0	566	284	626	313
0	802	285	817	306
0	671	286	685	306
0	659	325	697	349
0	784	327	833	356
0	588	329	603	349
0	769	368	848	399
0	588	372	603	392
0	655	413	703	443
0	732	413	886	443
0	588	415	603	435
0	666	454	692	478
0	588	458	603	478
0	655	499	703	529
0	732	499	887	529
0	588	502	603	521
0	659	540	697	566
0	784	542	833	571
0	588	545	603	565
0	412	852	463	878
0	505	854	556	889
0	814	937	867	972
0	286	982	329	1012
0	497	1022	595	1055
0	262	1026	274	1047
0	342	1034	355	1046
0	208	1067	281	1096
0	839	1067	911	1096
0	467	1068	569	1097
0	552	1108	743	1137
0	646	1263	662	1276
0	800	1361	813	1385
0	712	1417	725	1429
0	800	1471	813	1495
0	646	1581	662	1593
