0	574	326	872	355
0	540	1193	906	1222
0	602	1335	843	1364
0	602	1412	843	1441
0	633	364	674	386
0	389	368	463	394
0	521	368	596	394
0	1129	376	1153	391
0	287	405	310	420
0	368	405	391	420
0	1064	514	1129	538
0	287	515	395	542
0	452	515	638	544
0	334	545	350	563
0	895	574	960	598
0	940	600	1049	629
0	340	607	367	625
0	429	607	540	625
0	983	630	1158	659
0	512	636	632	658
0	959	661	1154	691
0	732	662	827	684
0	434	722	558	749
0	595	722	671	749
0	643	755	762	777
0	1045	755	1129	773
0	287	780	426	807
0	750	783	831	801
0	885	783	900	805
0	957	811	1033	837
0	339	812	405	836
0	705	840	770	866
0	287	840	352	864
0	824	840	885	864
0	596	841	612	859
0	550	869	719	893
0	795	869	1159	893
0	526	900	546	918
0	601	900	619	918
0	685	927	750	951
0	958	927	1019	951
0	431	957	489	981
0	569	958	682	980
0	938	984	1111	1011
0	287	988	313	1004
0	368	988	470	1009
0	853	1017	869	1035
0	1039	1017	1054	1039
0	783	1018	799	1034
0	1107	1024	1120	1039
0	574	1045	631	1069
0	1081	1073	1128	1099
0	340	1076	356	1094
0	689	1076	708	1094
0	287	1101	560	1130
0	981	1101	1134	1127
0	655	1104	895	1133
0	557	1135	565	1153
0	1021	1234	1068	1258
0	871	1264	966	1288
0	494	1265	510	1283
0	470	1293	493	1311
0	399	1294	415	1310
0	721	1294	740	1310
0	483	1453	543	1473
0	1017	1453	1044	1471
0	813	1479	927	1506
0	308	1481	324	1499
0	555	1481	571	1499
0	726	1481	753	1499
0	710	1540	737	1558
0	872	1568	956	1586
0	450	1597	565	1621
0	779	1654	883	1680
0	1064	1658	1123	1679
0	532	1684	582	1710
0	1051	1685	1076	1704
0	466	1685	493	1703
0	746	1714	773	1732
0	287	1716	350	1737
0	435	1745	501	1766
0	287	1770	591	1797
0	925	1770	990	1796
