0	851	206	989	268
0	376	220	474	249
0	1102	229	1117	249
0	634	270	709	296
0	368	393	436	423
0	379	454	401	475
0	603	454	627	475
0	774	454	914	484
0	1049	454	1125	486
0	248	461	266	474
0	774	486	914	541
0	312	488	466	553
0	496	488	735	553
0	250	500	265	527
0	1081	507	1096	527
0	312	555	466	622
0	496	555	735	622
0	763	555	925	609
0	243	567	270	594
0	1081	575	1096	595
0	955	621	1222	696
0	508	628	724	695
0	775	628	915	682
0	312	629	466	695
0	251	647	265	668
0	955	697	1222	772
0	763	702	925	757
0	324	703	455	770
0	496	703	735	770
0	252	717	262	743
0	229	772	283	804
0	383	780	398	800
0	608	780	623	800
0	836	780	851	800
0	1081	780	1096	800
0	368	856	444	885
0	582	917	603	938
0	723	917	747	938
0	865	917	951	949
0	518	924	536	937
0	633	948	836	1010
0	500	962	553	994
0	587	970	601	990
0	901	970	916	990
0	633	1011	836	1073
0	516	1026	540	1053
0	587	1033	601	1053
0	890	1033	927	1054
0	633	1074	836	1136
0	509	1088	547	1119
0	587	1095	601	1115
0	901	1095	916	1115
0	633	1138	836	1200
0	519	1156	536	1176
0	587	1156	601	1176
0	890	1156	927	1177
0	368	1242	442	1272
0	569	1303	590	1324
0	724	1303	748	1324
0	881	1303	965	1335
0	505	1310	523	1323
0	620	1334	852	1396
0	909	1347	939	1376
0	507	1351	521	1378
0	573	1358	588	1378
0	620	1398	852	1460
0	898	1411	950	1441
0	500	1412	526	1439
0	573	1420	588	1440
0	620	1461	852	1523
0	898	1472	950	1503
0	507	1481	521	1501
0	573	1481	588	1502
0	620	1525	852	1587
0	909	1534	939	1563
0	508	1539	518	1565
0	573	1545	588	1565
0	487	1590	541	1622
0	573	1597	588	1617
0	728	1597	743	1617
0	916	1597	931	1617
