0	463	365	935	446
0	496	653	902	687
0	468	1155	926	1198
0	337	1409	1060	1506
0	602	499	647	526
0	755	558	773	588
0	685	564	699	584
0	656	570	670	588
0	469	596	487	620
0	353	598	373	617
0	388	598	409	617
0	286	920	300	932
0	571	986	585	1004
0	848	1013	876	1032
0	286	1045	304	1069
0	286	1112	300	1136
0	416	1226	432	1257
0	386	1233	402	1257
0	361	1241	371	1253
0	487	1241	502	1257
0	923	1298	1072	1324
0	759	1301	773	1319
0	961	1335	975	1353
0	423	1340	436	1352
0	689	1368	703	1386
0	286	1633	300	1645
0	769	1659	803	1682
0	753	1726	781	1745
0	683	1733	697	1749
