0	470	950	980	989
0	433	1073	1017	1118
0	432	1242	1022	1286
0	545	1619	900	1686
0	586	1758	865	1804
0	1158	212	1186	241
0	294	214	377	243
0	445	214	529	244
0	208	256	236	285
0	320	256	406	285
0	473	256	555	285
0	525	352	557	381
0	888	352	916	378
0	716	456	735	477
0	525	559	555	585
0	888	559	922	585
0	826	626	845	647
0	746	729	765	750
0	436	765	614	800
0	634	765	809	800
0	879	765	1062	800
0	365	811	625	842
0	1146	899	1161	920
0	1149	1031	1163	1044
0	614	1146	652	1182
0	273	1149	416	1178
0	404	1318	423	1339
0	1153	1325	1167	1338
0	656	1352	794	1388
0	867	1352	1005	1388
0	534	1397	614	1433
0	1051	1400	1173	1430
0	876	1402	890	1423
0	920	1443	1124	1472
0	487	1452	501	1465
0	208	1486	227	1507
0	1151	1486	1166	1507
0	514	1530	555	1550
0	432	1566	512	1602
