0	553	316	904	403
0	216	526	1168	618
0	249	1156	1118	1221
0	820	219	836	240
0	243	220	252	240
0	537	220	551	246
0	363	257	402	293
0	274	268	305	287
0	174	475	258	501
0	521	475	536	496
0	421	480	476	500
0	553	690	638	716
0	174	773	203	799
0	956	774	987	794
0	788	856	883	877
0	600	936	663	965
0	1148	977	1212	1006
0	466	977	529	1006
0	308	986	334	1006
0	481	1018	572	1041
0	1066	1019	1129	1049
0	904	1028	950	1050
0	174	1104	195	1125
0	890	1251	1052	1289
0	258	1259	513	1285
0	1116	1259	1130	1280
0	793	1479	828	1503
