0	327	326	1118	697
0	324	712	341	743
0	925	712	946	736
0	241	715	258	743
0	888	717	909	738
0	1051	765	1119	783
0	442	899	523	920
0	447	944	461	965
0	222	991	301	1012
0	174	1089	190	1101
0	906	1265	1021	1287
0	574	1310	661	1331
0	351	1350	430	1382
0	691	1350	766	1382
0	976	1402	1023	1429
0	1050	1402	1136	1423
0	868	1410	907	1429
0	268	1489	310	1518
0	1126	1489	1222	1520
0	174	1537	269	1566
0	962	1537	1115	1567
0	848	1539	896	1566
0	241	1584	289	1611
0	1051	1584	1137	1605
0	1221	1625	1270	1655
0	871	1630	895	1651
0	958	1669	1086	1701
0	813	1671	941	1701
0	444	1728	460	1755
0	373	1731	390	1753
