0	356	1624	1114	1838
0	984	293	1153	319
0	455	294	663	316
0	847	294	862	313
0	419	294	442	312
0	903	294	929	312
0	287	295	300	311
0	769	295	782	311
0	364	301	377	316
0	355	321	526	345
0	577	321	805	345
0	1070	321	1107	345
0	422	351	451	377
0	847	351	1159	377
0	917	379	1093	405
0	608	381	623	403
0	669	381	704	402
0	480	407	503	426
0	287	408	397	434
0	839	408	919	434
0	1008	408	1133	434
0	584	412	597	428
0	744	438	920	464
0	420	468	455	489
0	611	468	627	489
0	947	468	963	486
0	491	526	621	548
0	287	555	642	579
0	664	555	789	579
0	983	555	1062	579
0	992	582	1097	609
0	700	584	736	608
0	791	584	833	608
0	564	612	1081	636
0	768	644	791	660
0	819	698	914	720
0	559	732	595	753
0	982	732	1019	753
0	439	762	458	780
0	503	762	519	780
0	923	762	942	780
0	961	786	1158	815
0	642	790	678	811
0	630	816	777	845
0	825	816	936	845
0	407	847	484	876
0	521	847	582	876
0	791	847	886	869
0	465	879	544	903
0	629	881	713	897
0	817	881	852	902
0	498	908	513	930
0	323	909	339	927
0	797	910	810	926
0	902	939	918	957
0	454	968	477	986
0	522	968	541	986
0	598	968	626	989
0	905	968	924	986
0	376	968	389	984
0	510	996	547	1017
0	595	996	613	1014
0	368	1026	462	1048
0	879	1026	911	1047
0	287	1027	300	1043
0	486	1054	523	1075
0	584	1054	603	1072
0	732	1054	760	1075
0	1048	1054	1064	1072
0	747	1079	872	1108
0	441	1086	512	1106
0	877	1114	915	1135
0	976	1114	1013	1135
0	1060	1114	1079	1132
0	1140	1114	1158	1132
0	828	1144	926	1165
0	700	1173	719	1191
0	772	1173	791	1191
0	1077	1173	1114	1194
0	287	1201	323	1222
0	469	1201	546	1222
0	602	1201	678	1222
0	976	1201	1074	1222
0	804	1231	896	1252
0	287	1259	305	1277
0	361	1259	380	1277
0	1014	1315	1162	1343
0	640	1317	889	1343
0	286	1343	407	1371
0	1063	1347	1082	1363
0	1140	1347	1158	1363
0	696	1372	1005	1400
0	595	1377	621	1395
0	1048	1377	1067	1395
0	880	1405	899	1423
0	913	1405	945	1426
0	867	1429	1040	1462
0	455	1431	487	1459
0	365	1437	378	1453
0	1130	1441	1159	1459
0	368	1464	396	1485
0	732	1464	751	1482
0	1140	1464	1158	1482
0	662	1494	681	1512
0	986	1494	1005	1512
0	903	1520	935	1548
0	364	1523	395	1544
0	287	1523	300	1539
0	816	1523	829	1539
0	412	1548	578	1581
0	656	1555	687	1579
0	775	1555	803	1576
0	1134	1555	1153	1573
0	592	1583	889	1612
0	494	1588	520	1606
