0	327	207	374	243
0	747	371	784	389
0	728	380	743	393
0	590	446	605	460
0	659	446	674	460
0	728	446	743	460
0	798	446	813	451
0	867	446	882	460
0	935	446	951	460
0	798	454	813	460
0	590	467	627	485
0	659	467	696	485
0	728	467	765	485
0	798	467	835	485
0	867	467	904	485
0	935	467	972	485
0	571	619	601	645
0	543	723	573	744
0	425	731	462	749
0	543	763	682	798
0	425	773	462	791
0	543	805	682	840
0	425	815	462	833
0	543	849	680	882
0	425	858	462	876
0	543	889	772	925
0	425	900	462	918
0	543	932	774	967
0	425	942	462	960
0	543	974	772	1009
0	425	985	462	1003
0	1157	1079	1184	1114
0	895	1085	933	1112
0	831	1125	849	1146
0	439	1193	515	1223
0	457	1244	496	1264
0	457	1289	496	1309
0	457	1332	496	1352
0	457	1375	496	1395
0	457	1418	496	1438
0	457	1461	496	1481
0	457	1504	494	1524
0	460	1550	499	1570
0	457	1593	496	1613
0	457	1636	496	1656
0	457	1679	496	1699
0	457	1722	496	1742
0	457	1765	496	1785
0	971	1765	1011	1789
