0	380	504	1081	579
0	611	632	855	668
0	508	859	959	931
0	1208	220	1245	247
0	567	226	595	247
0	993	254	1058	272
0	394	285	446	313
0	542	285	558	305
0	851	318	942	346
0	541	384	623	412
0	714	391	729	409
0	165	449	325	477
0	612	688	669	717
0	580	689	595	709
0	223	690	239	709
0	165	721	251	749
0	540	781	555	797
0	534	814	562	835
0	273	840	301	859
0	477	1010	505	1030
0	1050	1010	1064	1028
0	333	1087	406	1107
0	663	1087	737	1106
0	1096	1094	1111	1112
0	877	1127	893	1139
0	544	1787	607	1815
0	925	1789	945	1808
0	454	1821	631	1850
0	286	1822	306	1841
0	732	1822	753	1841
