0	610	671	863	738
0	574	867	901	934
0	576	1642	897	1709
0	1184	220	1204	239
0	479	245	499	272
0	303	253	324	272
0	241	311	262	338
0	223	348	314	371
0	373	351	523	379
0	541	359	551	371
0	923	359	939	377
0	653	378	725	409
0	888	386	957	409
0	273	419	322	446
0	881	419	918	446
0	534	465	554	493
0	791	473	821	497
0	654	549	675	577
0	1078	549	1151	581
0	165	590	200	617
0	369	590	406	617
0	909	590	929	609
0	481	596	498	614
0	982	596	999	612
0	618	618	639	645
0	318	633	335	649
0	838	813	859	840
0	393	818	631	847
0	969	821	1048	844
0	636	1369	657	1396
0	759	1378	779	1397
0	252	1384	268	1402
0	281	1409	421	1437
0	1046	1409	1183	1437
0	781	1411	811	1438
0	856	1411	893	1438
0	165	1417	181	1435
0	496	1438	516	1465
0	713	1446	744	1473
0	1058	1454	1074	1470
0	396	1478	542	1507
0	1244	1480	1275	1499
0	578	1486	594	1504
0	238	1562	387	1590
0	933	1564	954	1583
0	287	1603	304	1619
0	375	1763	391	1781
0	1122	1789	1142	1809
0	804	1822	836	1841
