0	511	1295	933	1326
0	550	1410	898	1568
0	516	1709	930	1815
0	693	294	712	312
0	519	323	538	339
0	389	353	408	371
0	405	466	489	492
0	344	497	409	521
0	287	498	303	516
0	500	498	518	516
0	655	498	673	516
0	842	498	907	518
0	472	525	556	549
0	467	556	486	574
0	934	556	950	574
0	1096	556	1115	574
0	536	584	601	608
0	418	584	446	602
0	343	592	355	603
0	521	628	586	652
0	885	629	965	647
0	1059	635	1071	647
0	529	656	577	682
0	676	656	781	682
0	473	704	558	722
0	980	704	999	722
0	580	730	807	757
0	926	730	1162	756
0	287	760	377	786
0	600	788	737	815
0	287	790	370	808
0	1093	818	1158	842
0	342	820	358	838
0	701	820	933	847
0	1001	820	1020	838
0	614	849	863	873
0	354	877	424	897
0	761	877	788	895
0	949	877	968	895
0	1133	877	1160	895
0	446	903	574	930
0	705	906	795	930
0	342	907	358	925
0	588	935	614	953
0	679	978	744	1004
0	287	1009	371	1033
0	409	1009	499	1033
0	443	1113	459	1131
0	509	1113	536	1131
0	477	1139	567	1165
0	894	1141	910	1159
0	899	1168	964	1194
0	287	1198	351	1222
0	571	1199	642	1219
0	971	1199	1112	1223
0	465	1227	634	1251
0	947	1227	1022	1251
0	1081	1227	1160	1251
0	727	1341	937	1377
0	359	1346	435	1364
0	506	1346	522	1364
0	1073	1346	1153	1370
0	633	1582	652	1605
0	798	1588	949	1609
0	368	1617	386	1635
0	432	1617	455	1635
0	1115	1617	1133	1635
