0	469	532	969	565
0	404	740	1046	781
0	308	992	1092	1072
0	565	314	674	338
0	353	317	477	345
0	1030	326	1047	338
0	390	350	518	378
0	1037	412	1158	440
0	652	421	669	433
0	1042	442	1149	465
0	535	445	615	473
0	833	445	955	473
0	386	447	469	467
0	604	480	629	499
0	689	480	710	499
0	770	659	966	687
0	1075	661	1158	682
0	444	668	461	680
0	346	692	426	720
0	408	808	492	835
0	585	846	696	869
0	367	848	494	876
0	990	848	1159	876
0	542	881	581	909
0	1101	881	1167	909
0	318	883	343	902
0	789	883	820	902
0	944	883	1030	903
0	286	914	478	942
0	561	916	647	936
0	772	916	791	935
0	442	948	535	968
0	740	1098	896	1125
0	407	1106	502	1125
0	638	1129	781	1156
0	286	1171	396	1199
0	1025	1173	1120	1193
0	286	1206	311	1225
0	1138	1277	1157	1289
0	497	1311	514	1323
0	359	1367	466	1390
0	286	1369	344	1397
0	660	1370	692	1389
0	286	1411	303	1423
0	337	1613	368	1632
0	423	1613	444	1632
0	510	1613	529	1632
0	386	1618	403	1630
0	992	1643	1066	1671
0	918	1675	1040	1698
