0	618	404	830	464
0	452	568	987	608
0	440	681	998	742
0	529	919	919	1000
0	1019	317	1186	353
0	333	319	529	348
0	630	321	803	351
0	250	839	274	860
0	420	839	443	860
0	867	839	969	863
0	440	866	602	903
0	823	1027	871	1053
0	887	1027	933	1053
0	996	1027	1045	1053
0	1108	1027	1182	1054
0	250	1097	282	1121
0	346	1097	369	1118
0	566	1097	590	1118
0	873	1130	923	1159
0	967	1130	1043	1159
0	513	1167	595	1194
0	827	1167	855	1193
0	924	1167	958	1193
0	869	1200	967	1229
0	334	1202	377	1228
0	449	1202	498	1228
0	913	1308	998	1336
0	1078	1309	1102	1330
0	1172	1309	1195	1330
0	932	1342	1087	1371
0	891	1378	937	1402
0	732	1412	782	1442
0	858	1582	887	1614
0	768	1590	793	1614
0	548	1651	756	1688
0	674	1693	724	1723
0	250	1728	514	1758
0	951	1728	1165	1758
