0	544	584	901	613
0	447	898	991	967
0	513	1307	927	1355
0	654	1710	792	1767
0	1032	314	1093	337
0	558	319	579	339
0	646	319	666	339
0	623	350	807	378
0	469	352	548	373
0	552	394	573	414
0	632	394	652	414
0	475	422	536	445
0	622	425	751	452
0	813	425	942	452
0	1021	427	1092	447
0	350	459	404	479
0	412	532	526	561
0	353	535	374	555
0	654	635	771	658
0	909	635	1017	658
0	435	713	456	733
0	286	762	318	782
0	452	792	526	820
0	670	867	685	879
0	1086	982	1158	1011
0	362	985	426	1006
0	286	1014	570	1043
0	1026	1084	1116	1111
0	454	1150	491	1173
0	781	1232	816	1255
0	1048	1232	1086	1255
0	432	1368	506	1388
0	837	1368	935	1390
0	954	1368	989	1390
0	537	1401	653	1424
0	721	1401	823	1423
0	360	1446	443	1475
0	823	1447	854	1476
0	1095	1448	1126	1467
0	716	1514	751	1536
0	1042	1514	1158	1537
0	925	1608	942	1620
0	791	1634	825	1656
0	916	1641	933	1653
0	286	1666	376	1693
0	561	1667	595	1690
