0	306	1336	1142	1369
0	836	627	868	646
0	728	693	759	712
0	1071	693	1157	713
0	664	698	681	710
0	710	723	823	751
0	945	723	1084	751
0	431	756	530	784
0	286	758	370	778
0	643	797	660	809
0	1003	823	1022	843
0	1064	823	1095	843
0	533	851	642	875
0	286	856	471	883
0	858	857	877	877
0	909	897	926	909
0	286	923	318	943
0	595	956	620	976
0	544	988	642	1009
0	838	988	917	1009
0	286	1018	501	1046
0	598	1021	630	1041
0	980	1028	997	1040
0	819	1053	982	1080
0	1071	1054	1158	1075
0	377	1087	447	1108
0	618	1087	637	1107
0	884	1087	909	1107
0	645	1121	670	1141
0	868	1121	893	1141
0	1017	1121	1110	1141
0	352	1148	413	1171
0	630	1154	694	1177
0	768	1161	785	1173
0	891	1187	907	1211
0	461	1215	1029	1245
0	1119	1248	1150	1279
0	495	1250	883	1279
0	1049	1411	1065	1435
0	422	1418	439	1430
0	1039	1438	1157	1470
0	567	1444	591	1464
0	286	1472	309	1504
0	548	1477	577	1505
0	731	1560	759	1576
0	1003	1562	1022	1577
0	644	1613	683	1631
0	744	1613	778	1631
0	1045	1615	1072	1630
0	398	1666	534	1689
0	312	1668	339	1684
0	727	1668	755	1684
0	424	1693	436	1709
