0	529	1045	919	1111
0	499	1463	950	1503
0	498	1653	951	1733
0	1086	602	1110	623
0	748	670	801	693
0	680	673	706	694
0	992	673	1019	694
0	846	705	990	735
0	1034	709	1049	730
0	470	779	493	800
0	1161	814	1193	840
0	882	848	953	877
0	653	883	732	912
0	508	884	538	908
0	250	915	472	951
0	1136	919	1206	943
0	250	954	335	978
0	539	954	565	975
0	758	954	786	980
0	845	954	871	978
0	823	993	842	1011
0	250	1164	278	1190
0	580	1164	604	1185
0	349	1173	374	1191
0	479	1199	503	1225
0	1084	1265	1125	1296
0	1051	1303	1194	1332
0	994	1372	1194	1402
0	1090	1411	1128	1437
0	250	1571	285	1600
