0	406	1090	1039	1125
0	564	350	706	378
0	395	352	423	372
0	463	352	494	372
0	961	382	1036	410
0	499	385	527	405
0	1085	385	1101	405
0	417	415	584	443
0	833	415	1159	443
0	678	417	751	438
0	664	482	710	510
0	864	485	873	501
0	678	548	820	576
0	516	550	609	570
0	1086	985	1103	997
0	761	1004	838	1030
0	923	1011	947	1031
0	316	1044	348	1064
0	595	1163	613	1175
0	398	1470	415	1482
0	825	1470	842	1482
0	724	1580	752	1595
0	786	1606	814	1621
0	1046	1632	1159	1654
0	588	1633	622	1648
0	822	1633	842	1648
0	915	1633	987	1649
