0	467	857	975	920
0	556	1159	886	1225
0	488	1564	946	1599
0	667	346	728	369
0	609	391	626	403
0	286	482	481	510
0	566	483	683	506
0	749	490	766	502
0	564	516	636	538
0	982	516	1007	535
0	726	523	743	535
0	1017	616	1042	635
0	681	646	727	674
0	775	649	806	668
0	1018	649	1097	669
0	943	679	1049	707
0	713	713	729	733
0	286	714	358	734
0	915	714	986	734
0	537	717	560	738
0	286	812	403	840
0	596	945	720	973
0	768	948	786	967
0	922	976	1159	1006
0	286	982	347	1000
0	1048	1008	1175	1041
0	327	1014	387	1033
0	286	1040	448	1073
0	1082	1045	1098	1065
0	732	1072	907	1103
0	685	1080	694	1098
0	902	1113	925	1134
0	324	1251	340	1271
0	879	1285	910	1307
0	440	1318	456	1338
0	990	1318	1006	1338
0	624	1318	676	1340
0	1034	1351	1050	1371
0	753	1352	861	1374
0	1086	1358	1104	1370
0	959	1415	1032	1442
0	634	1417	735	1440
0	887	1417	903	1437
0	327	1423	345	1435
0	705	1447	788	1475
0	617	1449	648	1469
0	318	1481	391	1508
0	1039	1489	1056	1501
0	366	1627	514	1655
0	587	1627	735	1655
0	398	1668	415	1680
0	487	1711	712	1733
0	1131	1712	1151	1727
0	902	1719	937	1733
0	286	1737	408	1759
