0	449	458	473	479
0	308	831	349	868
0	748	837	832	866
0	913	848	938	866
0	308	872	347	908
0	757	872	822	901
0	907	872	942	896
0	308	908	350	945
0	611	908	682	938
0	776	910	805	936
0	910	910	939	936
0	1077	910	1106	936
0	308	946	347	984
0	608	948	687	977
0	777	950	805	974
0	913	950	938	974
0	1078	950	1106	974
0	888	984	962	1017
0	308	988	348	1025
0	753	991	828	1018
0	1053	991	1128	1018
0	322	1106	404	1137
0	518	1106	599	1137
0	424	1108	497	1137
0	332	1250	426	1271
0	894	1283	1002	1312
0	712	1285	736	1312
0	946	1381	987	1418
0	1007	1392	1124	1418
0	585	1424	662	1453
0	408	1492	447	1528
0	1162	1497	1186	1518
0	1041	1530	1112	1560
0	401	1598	417	1634
