0	356	977	1112	1060
0	550	1313	914	1352
0	593	1421	820	1504
0	351	1680	1114	1746
0	362	334	376	353
0	400	384	414	403
0	786	384	800	403
0	453	428	519	452
0	725	473	816	502
0	1082	475	1105	496
0	174	483	188	502
0	667	576	690	597
0	809	584	824	603
0	927	627	950	648
0	1264	627	1291	648
0	230	676	265	702
0	411	684	426	704
0	692	777	718	798
0	734	777	757	798
0	1075	777	1098	798
0	274	784	289	803
0	1175	874	1282	904
0	431	876	447	897
0	465	876	479	903
0	1022	876	1038	897
0	1053	876	1068	903
0	174	923	255	947
0	273	923	350	953
0	546	926	573	947
0	590	926	613	947
0	935	926	958	947
0	1143	926	1159	947
0	1178	926	1193	953
0	778	1091	1120	1122
0	258	1094	296	1123
0	600	1096	621	1117
0	384	1103	399	1123
0	312	1146	339	1167
0	356	1146	379	1167
0	443	1146	466	1167
0	443	1197	459	1217
0	521	1197	536	1223
0	400	1246	416	1267
0	481	1246	496	1273
0	1202	1523	1284	1547
0	1023	1524	1130	1554
0	458	1528	474	1549
0	539	1528	554	1554
0	174	1573	256	1603
0	354	1576	471	1603
0	824	1576	851	1597
0	869	1576	892	1597
0	1219	1576	1242	1597
0	555	1584	570	1603
0	304	1627	320	1648
0	386	1627	400	1654
