0	491	644	953	696
0	348	805	1096	862
0	490	968	956	1013
0	329	1342	1116	1499
0	744	314	863	346
0	951	318	1147	356
0	707	374	809	401
0	718	410	780	441
0	1091	441	1197	480
0	421	445	523	472
0	745	445	811	472
0	250	476	468	515
0	564	478	872	514
0	968	482	984	517
0	1096	483	1173	512
0	338	517	1007	555
0	1127	524	1193	554
0	449	558	672	588
0	250	591	514	628
0	250	756	421	793
0	677	760	779	786
0	845	762	1007	793
0	250	881	478	917
0	1027	886	1219	918
0	451	1038	605	1074
0	798	1042	1108	1074
0	1015	1077	1233	1113
0	552	1079	614	1110
0	283	1114	385	1140
0	1075	1114	1138	1145
0	494	1118	685	1150
0	250	1152	404	1189
0	1093	1156	1123	1180
0	1138	1549	1195	1575
0	765	1552	836	1581
0	324	1590	373	1614
0	364	1657	400	1687
0	293	1694	317	1715
0	539	1694	584	1723
0	632	1694	681	1720
0	981	1729	1026	1758
0	1095	1729	1145	1755
0	601	1730	638	1752
