0	686	924	855	967
0	636	1049	902	1219
0	656	1340	878	1378
0	655	1596	885	1748
0	970	317	1156	345
0	453	604	513	627
0	688	635	743	663
0	1086	635	1140	663
0	856	637	916	659
0	1164	669	1219	697
0	1077	702	1149	730
0	292	737	312	756
0	244	770	294	797
0	909	803	972	825
0	857	835	917	857
0	943	858	977	897
0	703	866	786	894
0	446	994	544	1022
0	305	996	438	1019
0	658	996	720	1024
0	769	1247	803	1280
0	1223	1249	1295	1277
0	727	1280	761	1313
0	297	1282	369	1310
0	319	1405	353	1438
0	409	1408	443	1439
0	837	1409	910	1437
0	968	1409	1041	1437
0	290	1443	325	1472
0	571	1443	631	1466
0	1194	1474	1300	1501
0	810	1475	858	1503
0	244	1506	316	1534
