0	689	404	850	435
0	701	649	837	687
0	659	986	945	1047
0	687	1315	924	1344
0	512	1439	1092	1506
0	705	1591	900	1624
0	326	475	340	488
0	659	476	683	488
0	353	509	367	527
0	588	536	634	563
0	730	595	744	621
0	319	721	567	745
0	244	754	269	773
0	479	754	755	778
0	1084	754	1109	774
0	430	934	483	960
0	1242	1073	1302	1101
0	431	1076	469	1103
0	813	1076	876	1099
0	310	1106	520	1134
0	1117	1139	1189	1167
0	1179	1197	1241	1225
0	651	1230	767	1252
0	580	1263	656	1285
0	718	1263	783	1285
0	804	1386	853	1417
0	509	1534	570	1557
0	387	1540	448	1562
0	747	1701	843	1732
0	520	1709	574	1728
0	318	1734	331	1755
