0	529	584	940	625
0	420	816	1043	959
0	174	1076	1305	1155
0	198	1179	1220	1258
0	251	1421	1168	1500
0	360	1569	1109	1647
0	324	1714	1145	1786
0	984	317	1102	355
0	1172	317	1290	355
0	422	525	447	553
0	891	525	916	553
0	957	525	971	553
0	386	659	482	697
0	1113	659	1210	697
0	820	668	848	694
0	422	719	450	743
0	546	758	598	796
0	665	758	717	796
0	1181	758	1229	794
0	947	1270	1044	1308
0	567	1320	664	1358
0	253	1329	281	1355
0	1024	1330	1052	1354
0	333	1370	407	1403
0	473	1370	546	1403
0	632	1523	717	1556
0	557	1670	642	1696
0	653	1670	723	1690
0	787	1670	872	1696
0	881	1670	951	1690
