0	476	1208	971	1246
0	544	1519	904	1597
0	567	427	764	456
0	476	606	499	633
0	914	606	937	627
0	454	789	492	807
0	537	814	596	843
0	850	928	889	946
0	1059	992	1082	1019
0	967	1025	1026	1055
0	322	1027	349	1048
0	413	1027	436	1048
0	579	1028	594	1048
0	658	1028	695	1049
0	876	1062	902	1083
0	970	1062	993	1083
0	441	1095	582	1118
0	250	1132	326	1153
0	393	1132	496	1158
0	903	1269	927	1290
0	993	1269	1016	1296
0	355	1336	740	1367
0	434	1374	540	1403
0	923	1375	939	1403
0	613	1376	719	1403
0	310	1446	327	1473
0	948	1454	963	1473
0	1037	1614	1188	1645
0	499	1617	610	1643
0	497	1652	521	1678
