0	465	478	1028	698
0	520	749	993	895
0	486	1009	1005	1112
0	570	1386	925	1419
0	495	1675	1000	1767
0	256	169	271	181
0	588	251	689	267
0	1217	253	1318	268
0	229	277	289	293
0	601	362	697	380
0	1095	384	1312	411
0	776	414	923	435
0	360	908	455	935
0	547	908	676	935
0	846	911	1291	934
0	229	942	248	958
0	956	1124	1055	1150
0	1106	1124	1204	1150
0	174	1152	266	1176
0	923	1155	954	1173
0	1002	1181	1150	1202
0	233	1265	268	1286
0	1261	1292	1360	1316
0	896	1322	956	1338
0	465	1440	531	1466
0	864	1440	909	1466
0	965	1440	1008	1466
0	1268	1440	1361	1466
0	202	1443	221	1461
0	642	1443	662	1461
0	130	1469	234	1495
0	290	1469	380	1495
0	395	1469	497	1495
0	734	1469	895	1495
0	981	1477	997	1489
0	965	1497	1163	1523
0	449	1505	465	1517
0	872	1524	960	1550
0	396	1532	409	1547
0	284	1554	319	1575
0	374	1554	410	1577
