0	197	208	660	316
0	918	514	1222	575
0	923	644	1215	699
0	310	660	546	688
0	922	823	1216	972
0	164	806	692	945
0	955	1036	1186	1068
0	244	1097	612	1151
0	185	1216	628	1277
0	304	1452	554	1521
0	564	135	702	159
0	990	137	1061	153
0	1046	164	1127	182
0	203	340	216	352
0	181	446	198	464
0	297	468	315	490
0	231	531	289	552
0	282	613	299	629
0	130	769	147	787
0	418	993	456	1016
0	710	993	727	1011
0	606	1019	624	1041
0	164	1176	181	1194
0	651	1386	721	1407
0	452	1543	574	1569
0	462	1572	590	1596
0	676	1656	727	1680
0	191	1711	286	1735
0	489	1712	552	1734
