0	287	320	1196	513
0	353	541	1089	733
0	620	753	827	825
0	387	1424	1063	1468
0	287	1523	1191	1680
0	642	1795	805	1826
0	591	840	608	860
0	452	864	613	895
0	971	874	987	893
0	921	900	945	921
0	851	977	868	996
0	847	999	892	1025
0	433	1033	550	1060
0	566	1070	593	1091
0	659	1135	704	1159
0	319	1147	336	1166
0	659	1173	686	1194
0	982	1301	1102	1325
0	621	1302	784	1331
0	287	1334	381	1366
0	571	1338	658	1364
0	596	1387	723	1416
0	420	1694	440	1718
0	834	1694	938	1718
0	956	1694	964	1715
0	287	1722	498	1758
0	593	1726	696	1758
0	287	1760	380	1791
