0	288	311	572	349
0	319	489	544	524
0	356	608	504	641
0	360	700	501	731
0	304	1292	557	1337
0	298	1719	562	1766
0	1138	132	1234	160
0	933	134	1026	158
0	1127	165	1222	191
0	689	191	729	215
0	844	200	854	211
0	130	218	182	242
0	456	220	464	236
0	499	220	511	241
0	701	248	727	269
0	390	274	453	300
0	1147	304	1367	333
0	770	331	942	361
0	1205	368	1218	383
0	640	369	727	393
0	820	388	1147	418
0	178	396	270	423
0	770	420	1231	449
0	499	423	564	450
0	414	454	520	475
0	935	455	945	467
0	943	482	955	494
0	573	543	597	564
0	712	543	719	561
0	1249	589	1360	615
0	770	596	783	612
0	846	644	959	668
0	1045	644	1311	668
0	819	652	832	667
0	462	662	487	683
0	1246	672	1361	696
0	1217	680	1229	691
0	1203	707	1256	723
0	1120	729	1274	753
0	770	729	903	750
0	1093	736	1105	748
0	660	751	726	777
0	237	753	262	774
0	770	812	835	838
0	319	863	372	889
0	130	864	214	885
0	300	919	326	940
0	1161	934	1214	949
0	944	954	1074	975
0	837	961	912	975
0	1181	961	1193	972
0	955	982	979	1006
0	490	1003	515	1024
0	938	1010	1000	1034
0	1336	1010	1361	1034
0	959	1064	1180	1090
0	885	1093	981	1119
0	1349	1095	1367	1113
0	443	1113	594	1139
0	1216	1121	1278	1147
0	1025	1122	1044	1140
0	976	1148	1072	1172
0	1113	1148	1209	1172
0	312	1192	482	1230
0	130	1198	155	1219
0	621	1205	634	1217
0	389	1238	399	1250
0	130	1258	391	1279
0	947	1346	1244	1370
0	829	1353	866	1368
0	503	1354	729	1380
0	436	1362	489	1377
0	999	1375	1226	1399
0	518	1383	614	1409
0	130	1383	159	1405
0	374	1391	384	1403
0	813	1403	897	1425
0	1181	1403	1199	1421
0	690	1411	729	1437
0	945	1437	958	1452
0	130	1438	268	1462
0	563	1438	727	1462
0	1231	1487	1315	1505
0	948	1514	966	1532
0	447	1523	462	1541
0	231	1549	325	1575
0	363	1549	555	1575
0	640	1549	727	1575
0	1212	1597	1366	1622
0	867	1605	888	1619
0	228	1606	278	1632
0	666	1614	676	1626
0	1154	1625	1329	1652
0	925	1625	975	1651
0	399	1634	469	1653
0	678	1661	728	1685
0	770	1712	788	1730
