0	361	336	1036	592
0	404	649	995	723
0	317	901	1077	970
0	301	1080	1092	1121
0	313	1199	1084	1243
0	340	1453	1056	1671
0	337	1712	1062	1777
0	217	180	345	209
0	641	180	749	209
0	947	252	1107	276
0	261	287	300	313
0	364	287	403	313
0	735	287	762	308
0	1196	295	1212	307
0	349	749	432	770
0	632	749	712	779
0	412	856	503	877
0	467	1000	588	1021
0	759	1270	976	1302
0	374	1275	419	1304
0	435	1275	480	1304
0	277	1282	307	1301
0	326	1282	356	1301
0	498	1282	514	1295
0	245	1310	274	1330
0	146	1344	192	1365
0	652	1344	698	1365
0	920	1344	1018	1365
