0	554	523	903	588
0	641	678	816	738
0	301	883	1149	950
0	574	398	1023	433
0	662	434	869	464
0	250	437	326	464
0	788	618	830	649
0	256	763	282	775
0	988	980	1092	1009
0	705	982	931	1012
0	436	1016	599	1047
0	803	1018	866	1047
0	174	1050	269	1079
0	829	1052	1270	1083
0	640	1056	753	1083
0	529	1096	620	1117
0	875	1121	978	1152
0	516	1128	629	1154
0	205	1131	301	1152
0	281	1157	331	1186
0	849	1157	976	1186
0	1032	1166	1135	1184
0	174	1192	237	1222
0	360	1230	419	1260
0	174	1332	400	1363
0	941	1371	1122	1397
0	861	1378	878	1391
0	940	1508	1194	1538
0	768	1597	844	1619
