0	265	572	595	608
0	792	668	1303	739
0	266	731	595	774
0	140	928	720	1029
0	801	1302	1282	1337
0	307	1555	1190	1599
0	363	1701	1139	1767
0	247	132	703	157
0	280	159	728	184
0	130	160	229	186
0	475	188	646	213
0	130	189	322	217
0	357	189	426	215
0	1037	191	1112	217
0	466	217	534	241
0	541	217	627	244
0	1223	217	1292	244
0	1304	217	1366	244
0	282	224	414	245
0	819	243	881	274
0	1239	245	1304	272
0	299	272	405	301
0	1290	276	1361	294
0	842	303	907	321
0	947	303	1060	324
0	473	304	721	339
0	770	328	876	358
0	1070	328	1176	358
0	880	329	999	355
0	1181	330	1269	354
0	1244	362	1332	386
0	396	369	471	395
0	481	369	575	396
0	196	376	336	397
0	576	396	682	426
0	1290	414	1318	441
0	418	429	486	455
0	388	456	407	487
0	567	493	677	522
0	411	495	527	521
0	770	498	800	526
0	1330	498	1359	526
0	277	525	345	551
0	130	527	240	553
0	1098	582	1128	610
0	435	634	557	660
0	613	634	727	660
0	487	799	551	824
0	1299	804	1367	824
0	1210	806	1284	827
0	476	826	500	849
0	699	826	727	854
0	816	831	1103	858
0	194	857	393	878
0	1138	858	1367	888
0	266	883	420	910
0	1114	891	1333	922
0	808	896	838	923
0	1152	925	1191	946
0	1055	949	1128	986
0	1169	958	1199	985
0	872	986	1050	1019
0	883	1020	917	1047
0	1152	1054	1191	1075
0	1329	1054	1367	1075
0	245	1060	489	1084
0	383	1088	729	1112
0	130	1115	728	1139
0	902	1135	932	1163
0	130	1144	286	1168
0	268	1173	370	1209
0	233	1209	420	1233
0	617	1209	727	1233
0	917	1218	948	1242
0	252	1235	749	1263
0	1330	1250	1366	1271
0	286	1266	480	1290
0	615	1266	726	1290
0	215	1292	721	1320
0	410	1347	481	1374
0	697	1347	721	1374
0	247	1350	348	1374
0	610	1376	638	1403
0	1281	1376	1312	1400
0	382	1378	593	1399
0	770	1403	800	1427
