0	406	318	1030	353
0	361	601	1080	682
0	544	892	897	974
0	275	1179	1171	1258
0	368	417	425	438
0	446	417	503	438
0	1011	453	1028	466
0	601	478	702	508
0	385	488	411	506
0	989	524	1005	536
0	1022	524	1048	542
0	554	744	580	763
0	589	744	615	762
0	633	772	728	793
0	418	807	501	833
0	511	809	616	830
0	375	993	399	1014
0	770	993	791	1014
0	595	1070	612	1083
0	887	1070	913	1088
0	771	1296	794	1317
0	1104	1364	1195	1393
0	311	1368	448	1394
0	1003	1400	1087	1430
0	884	1437	959	1457
0	842	1541	916	1568
0	935	1541	1007	1568
0	889	1574	1017	1604
0	797	1577	872	1598
0	1059	1579	1140	1605
0	880	1649	955	1669
0	974	1651	1080	1672
0	757	1683	784	1704
0	250	1714	388	1745
0	453	1718	554	1744
