0	508	693	936	743
0	552	821	892	873
0	473	1030	971	1082
0	514	1223	933	1288
0	492	1406	955	1470
0	603	1707	831	1739
0	844	323	857	344
0	813	331	829	344
0	870	331	883	344
0	941	331	959	344
0	656	360	692	389
0	940	396	1032	418
0	1006	465	1187	494
0	331	499	365	528
0	949	534	1071	561
0	1086	569	1103	597
0	994	577	1013	590
0	373	902	706	932
0	1137	903	1196	933
0	768	906	793	932
0	947	908	970	929
0	812	939	988	975
0	647	977	678	998
0	884	977	914	998
0	505	1099	675	1128
0	701	1099	965	1129
0	250	1137	390	1158
0	808	1138	843	1167
0	250	1173	398	1199
0	976	1320	1012	1349
0	540	1357	606	1377
0	670	1357	735	1378
0	558	1503	648	1527
0	1116	1505	1187	1533
0	1028	1506	1099	1527
0	562	1540	633	1567
0	792	1573	908	1600
0	310	1575	346	1604
