0	356	481	1086	521
0	396	606	1052	695
0	436	779	1005	854
0	555	942	887	983
0	320	1046	1122	1201
0	1019	318	1080	353
0	579	322	633	351
0	707	322	755	351
0	548	331	562	351
0	462	353	502	384
0	869	360	898	384
0	330	552	593	582
0	611	552	874	581
0	944	552	1087	581
0	305	723	604	755
0	731	726	785	755
0	346	883	453	913
0	507	886	576	910
0	1139	1226	1210	1257
0	297	1227	365	1257
0	1044	1232	1123	1255
0	694	1238	709	1250
0	250	1261	506	1292
0	923	1263	1187	1293
0	997	1294	1200	1340
0	752	1301	869	1331
0	250	1329	359	1375
0	404	1342	508	1371
0	604	1344	670	1370
0	849	1374	1187	1402
0	548	1376	651	1406
0	668	1376	832	1402
0	346	1377	414	1406
0	726	1406	789	1434
0	1045	1408	1129	1436
0	250	1448	340	1474
0	858	1481	912	1508
0	976	1481	1024	1511
0	881	1512	966	1541
0	769	1585	785	1620
