0	466	576	972	629
0	308	882	1124	917
0	489	934	949	972
0	507	1018	928	1051
0	591	1162	846	1200
0	294	1446	1098	1499
0	510	1712	933	1765
0	374	319	610	351
0	958	360	979	381
0	651	430	674	451
0	250	459	456	492
0	375	653	405	674
0	424	653	507	674
0	514	655	529	675
0	568	655	596	675
0	453	724	482	748
0	620	1115	635	1135
0	700	1115	715	1135
0	511	1226	591	1255
0	768	1226	849	1256
0	1051	1226	1131	1255
0	375	1229	492	1258
0	952	1265	1031	1291
0	250	1301	329	1325
0	674	1361	754	1398
0	574	1367	654	1397
0	455	1522	624	1553
0	1029	1524	1112	1554
0	692	1529	823	1553
0	646	1534	672	1547
0	873	1564	939	1584
0	261	1591	337	1618
0	1091	1596	1163	1625
0	920	1598	1000	1619
0	543	1605	630	1618
