0	513	590	933	636
0	372	712	1072	755
0	580	1225	866	1263
0	384	1441	1060	1506
0	418	1651	1022	1712
0	523	318	786	354
0	1044	326	1175	349
0	1131	357	1194	386
0	814	361	902	382
0	250	367	312	388
0	1062	389	1116	426
0	1133	389	1187	426
0	303	393	366	423
0	708	428	845	458
0	862	437	878	450
0	967	463	1140	493
0	354	473	371	485
0	713	499	861	528
0	1116	499	1146	525
0	633	530	682	568
0	357	777	527	805
0	546	779	642	802
0	541	814	613	834
0	1023	846	1129	876
0	790	920	899	943
0	250	951	312	980
0	537	951	599	980
0	926	954	1016	975
0	622	990	702	1010
0	402	1024	447	1045
0	617	1129	638	1150
0	832	1129	858	1150
0	492	1163	640	1192
0	250	1164	358	1190
0	367	1164	475	1185
0	581	1284	699	1313
0	1023	1320	1044	1341
0	1061	1320	1087	1341
0	810	1354	897	1382
