0	158	395	1305	751
0	301	1098	1163	1233
0	175	1352	1288	1487
0	648	217	708	243
0	1004	220	1304	249
0	151	223	177	244
0	176	265	273	286
0	824	265	930	291
0	662	272	698	284
0	313	306	342	327
0	805	306	850	333
0	734	314	759	333
0	1216	797	1313	824
0	1049	797	1153	818
0	877	924	968	951
0	1216	924	1313	951
0	456	966	562	993
0	1003	966	1122	987
0	334	1008	438	1035
0	747	1008	792	1037
0	860	1008	903	1037
0	151	1047	337	1078
0	401	1047	587	1078
0	633	1047	748	1077
0	151	1299	362	1332
0	368	1574	447	1595
0	646	1575	675	1596
0	722	1582	761	1595
0	994	1658	1255	1689
