0	420	471	1027	533
0	260	740	1188	777
0	533	901	913	975
0	365	1219	1078	1361
0	457	1431	986	1493
0	455	1558	987	1636
0	303	1694	1095	1765
0	828	395	857	421
0	1032	395	1063	421
0	1139	395	1187	421
0	305	430	322	457
0	396	430	430	457
0	812	430	827	451
0	510	586	595	616
0	992	589	1026	616
0	630	624	676	647
0	1071	625	1100	649
0	1019	814	1071	852
0	700	831	717	843
0	1014	997	1066	1035
0	813	1007	848	1033
0	1071	1076	1157	1105
0	250	1111	455	1140
0	548	1111	644	1140
0	502	1147	530	1173
0	604	1147	679	1168
0	965	1380	1027	1409
0	331	1383	371	1407
0	434	1383	452	1404
0	665	1506	761	1535
0	1133	1506	1195	1535
0	331	1650	382	1680
0	991	1659	1006	1671
