0	539	774	938	820
0	447	1198	1016	1332
0	202	1623	1215	1695
0	151	220	407	251
0	401	413	502	434
0	981	413	1094	434
0	1115	413	1150	434
0	775	455	934	478
0	1139	455	1189	476
0	940	720	989	741
0	1038	720	1073	741
0	1135	720	1163	741
0	753	726	778	740
0	218	848	340	886
0	477	890	596	928
0	349	1047	398	1068
0	243	1148	327	1177
0	393	1148	475	1177
0	385	1362	491	1391
0	1058	1363	1088	1384
0	825	1403	1141	1433
0	1160	1405	1306	1426
0	487	1447	512	1468
0	909	1447	1073	1476
0	1196	1447	1221	1468
0	151	1455	174	1468
0	1103	1455	1127	1468
0	1063	1487	1315	1522
0	151	1488	460	1514
0	589	1528	672	1557
0	439	1528	514	1557
0	150	1529	316	1564
