0	475	218	1051	299
0	232	436	1245	502
0	322	1057	1193	1129
0	265	1156	1250	1226
0	571	1263	953	1336
0	670	1403	854	1465
0	575	1529	946	1590
0	1013	172	1060	196
0	1131	316	1312	346
0	540	320	600	348
0	260	348	458	378
0	869	350	920	374
0	1027	531	1063	561
0	556	534	616	562
0	668	561	684	593
0	288	567	347	595
0	364	567	423	595
0	1167	595	1215	622
0	855	601	915	629
0	514	667	573	695
0	589	667	649	695
0	603	727	619	758
0	834	735	862	754
0	892	768	923	787
0	812	826	861	864
0	925	826	974	857
0	330	866	361	895
0	421	866	452	895
0	388	906	426	928
0	1157	931	1206	969
0	1263	931	1312	963
0	511	942	549	964
0	649	1353	768	1380
0	544	1363	631	1375
0	570	1482	608	1505
0	250	1602	282	1621
