0	412	309	1030	359
0	541	433	904	495
0	477	516	969	582
0	400	661	1038	693
0	479	719	963	756
0	627	941	815	974
0	455	996	987	1046
0	1158	779	1196	801
0	511	811	617	841
0	903	811	962	840
0	783	846	842	876
0	409	1062	448	1091
0	516	1062	550	1091
0	558	1062	572	1090
0	374	1070	401	1090
0	455	1070	505	1091
0	533	1096	637	1125
0	510	1167	596	1188
0	614	1167	723	1195
0	741	1167	859	1195
0	876	1167	1014	1195
0	1030	1167	1186	1195
0	861	1200	1108	1230
0	250	1202	382	1230
0	389	1202	485	1230
0	494	1202	593	1229
0	578	1235	682	1265
0	921	1343	1039	1372
0	1060	1343	1188	1372
0	781	1343	899	1365
0	585	1378	699	1407
0	709	1378	822	1407
0	839	1378	920	1406
0	250	1378	390	1406
0	409	1378	568	1406
0	473	1412	662	1442
0	891	1446	950	1476
0	578	1481	853	1511
0	873	1483	982	1506
0	1160	1547	1187	1584
0	842	1552	948	1581
0	999	1589	1132	1618
0	250	1590	288	1619
0	674	1590	812	1618
0	827	1590	982	1618
0	1138	1590	1202	1618
0	250	1625	275	1653
0	491	1625	530	1654
0	880	1625	1020	1653
0	1037	1625	1195	1653
0	611	1658	717	1687
0	788	1687	804	1715
