0	320	309	1077	390
0	475	566	956	596
0	483	603	966	643
0	666	743	783	781
0	465	864	978	895
0	643	968	805	1006
0	564	1149	880	1215
0	457	1423	979	1473
0	308	1490	1090	1563
0	333	1700	1111	1765
0	604	403	655	443
0	503	413	585	442
0	1061	413	1076	433
0	1035	446	1086	486
0	396	456	434	478
0	497	456	512	476
0	868	488	921	529
0	591	498	625	527
0	646	498	727	527
0	772	498	821	527
0	310	499	325	519
0	683	663	814	692
0	1024	663	1121	689
0	610	698	660	720
0	544	705	560	724
0	375	1033	546	1066
0	617	1035	657	1058
0	687	1108	738	1129
0	716	1239	831	1267
0	734	1273	894	1306
0	993	1275	1018	1299
0	1057	1275	1144	1296
0	727	1312	750	1332
0	350	1317	378	1338
0	555	1340	713	1379
0	412	1343	443	1376
0	1012	1582	1077	1601
0	487	1583	510	1603
0	342	1617	435	1638
0	261	1618	284	1638
