0	357	311	1090	350
0	548	575	890	612
0	551	641	890	674
0	539	1685	904	1725
0	792	479	908	501
0	1162	510	1187	534
0	330	514	434	544
0	1120	516	1145	537
0	250	550	273	571
0	337	550	360	571
0	529	694	633	720
0	653	694	751	720
0	991	731	1095	761
0	812	763	837	787
0	765	769	790	790
0	858	769	881	790
0	954	769	977	790
0	557	832	655	860
0	250	838	364	867
0	659	874	682	895
0	1163	874	1187	895
0	810	909	882	930
0	1091	944	1114	965
0	307	1016	339	1045
0	250	1022	282	1043
0	250	1047	354	1077
0	633	1051	651	1077
0	536	1057	579	1078
0	598	1057	616	1076
0	553	1120	771	1148
0	345	1156	428	1180
0	375	1190	503	1217
0	520	1190	605	1219
