0	531	313	908	376
0	287	385	1101	455
0	423	513	1023	578
0	263	650	1135	716
0	523	787	920	839
0	352	942	1093	983
0	380	1007	1058	1069
0	494	1074	955	1120
0	385	1224	1063	1270
0	598	1432	850	1468
0	590	1537	852	1574
0	621	1722	816	1759
0	535	601	715	627
0	732	601	879	631
0	1003	608	1112	629
0	1112	859	1142	885
0	478	1136	523	1174
0	662	1137	708	1175
0	411	1141	457	1173
0	595	1141	641	1173
0	811	1147	862	1168
0	933	1147	971	1168
0	307	1294	358	1326
0	376	1294	427	1326
0	488	1301	538	1322
0	742	1369	772	1395
0	844	1370	963	1392
0	632	1496	806	1514
0	350	1603	401	1624
