0	508	521	939	553
0	632	643	810	679
0	600	883	841	919
0	850	393	948	417
0	956	394	981	412
0	484	395	572	416
0	760	395	823	415
0	1079	453	1107	474
0	303	482	366	502
0	343	574	377	602
0	1069	577	1132	597
0	498	584	530	600
0	689	698	723	726
0	973	709	987	721
0	868	786	895	807
0	946	786	972	807
0	656	787	747	808
0	420	796	434	808
0	486	796	499	808
0	380	818	399	838
0	839	824	867	839
0	434	850	465	868
0	351	950	379	965
0	646	950	678	966
0	1068	1332	1140	1356
0	641	1361	724	1387
0	333	1389	405	1415
0	580	1389	662	1415
0	576	1420	591	1438
0	511	1427	536	1442
0	675	1447	757	1473
0	1060	1447	1132	1473
0	983	1479	998	1497
0	551	1507	570	1527
0	1003	1507	1018	1525
0	303	1537	323	1558
0	753	1565	773	1585
0	1117	1565	1132	1583
0	676	1572	705	1588
0	1046	1572	1071	1588
0	563	1601	588	1616
0	867	1601	895	1617
0	711	1631	743	1647
0	777	1741	792	1759
