0	502	475	940	515
0	488	664	960	708
0	606	1379	838	1431
0	498	1543	952	1595
0	376	543	527	573
0	547	544	997	573
0	1183	544	1196	565
0	1136	552	1152	565
0	629	581	665	612
0	305	587	318	600
0	981	737	993	758
0	945	745	961	758
0	1073	745	1086	758
0	842	773	936	794
0	665	838	879	871
0	1087	850	1103	862
0	905	877	941	906
0	1018	877	1137	900
0	250	909	372	936
0	476	920	502	933
0	1077	948	1195	974
0	824	984	860	1013
0	1149	985	1164	1005
0	396	1054	481	1080
0	490	1054	528	1075
0	1003	1088	1039	1117
0	250	1122	467	1152
0	926	1159	992	1179
0	1053	1159	1119	1179
0	531	1196	619	1220
0	629	1196	667	1217
0	682	1230	718	1259
0	872	1231	947	1251
0	1018	1231	1093	1251
0	511	1272	536	1285
0	502	1296	623	1322
0	250	1300	369	1322
0	962	1300	998	1329
0	388	1301	483	1322
0	375	1694	411	1723
