0	467	318	977	382
0	395	462	1040	493
0	469	536	969	567
0	622	755	818	788
0	449	817	991	871
0	1158	593	1196	614
0	517	625	596	654
0	893	625	952	654
0	783	660	842	689
0	373	886	412	915
0	486	886	521	915
0	532	886	546	913
0	334	893	361	913
0	422	893	472	914
0	533	919	637	948
0	614	992	723	1021
0	741	992	859	1021
0	876	992	1014	1021
0	510	993	596	1013
0	1030	993	1186	1021
0	861	1025	1108	1055
0	250	1027	382	1056
0	389	1027	485	1056
0	494	1027	593	1054
0	578	1061	682	1090
0	781	1167	899	1190
0	921	1167	1039	1195
0	1060	1167	1188	1195
0	250	1202	406	1230
0	430	1202	605	1230
0	629	1202	757	1230
0	772	1202	900	1230
0	925	1202	1020	1229
0	636	1235	843	1265
0	250	1307	309	1336
0	914	1307	1196	1336
0	261	1343	381	1365
0	585	1406	612	1442
0	275	1412	381	1442
0	626	1413	664	1442
0	1048	1413	1187	1441
0	250	1448	405	1476
0	422	1448	554	1476
0	565	1448	652	1476
0	868	1448	906	1477
0	1015	1481	1121	1511
0	319	1483	462	1511
0	483	1483	645	1511
0	250	1548	265	1576
0	250	1658	356	1687
