0	537	587	911	626
0	387	713	1055	780
0	404	1224	1039	1290
0	472	1574	968	1614
0	539	356	658	379
0	633	428	676	458
0	397	663	422	684
0	463	813	547	848
0	1084	814	1198	843
0	372	816	406	840
0	420	823	448	844
0	562	823	616	844
0	675	823	702	843
0	1082	851	1188	872
0	250	886	360	915
0	377	886	495	915
0	514	886	657	914
0	676	886	839	915
0	857	886	961	915
0	978	886	1089	914
0	1106	886	1187	913
0	744	919	939	949
0	430	954	515	984
0	731	954	790	984
0	353	1026	467	1055
0	949	1026	1149	1055
0	916	1029	939	1050
0	250	1096	309	1125
0	864	1308	898	1339
0	547	1309	678	1340
0	449	1311	483	1335
0	375	1318	437	1338
0	500	1318	528	1339
0	698	1318	752	1339
0	770	1318	797	1337
0	375	1651	384	1672
0	970	1682	1008	1713
0	438	1684	499	1714
