0	406	505	1043	567
0	256	686	1182	722
0	380	756	1062	793
0	871	428	1071	458
0	723	882	914	911
0	473	953	520	982
0	588	953	661	983
0	663	984	694	1017
0	250	986	364	1016
0	1127	986	1188	1016
0	613	988	644	1017
0	250	1019	491	1052
0	409	1059	438	1088
0	455	1059	493	1088
0	557	1059	607	1088
0	540	1124	747	1156
0	1036	1128	1095	1157
0	1060	1164	1188	1196
0	924	1164	1041	1186
0	250	1199	374	1230
0	389	1199	480	1230
0	497	1199	596	1226
0	484	1273	510	1299
0	573	1273	587	1291
0	250	1303	327	1332
0	537	1303	597	1332
0	862	1312	880	1325
0	1135	1335	1204	1368
0	250	1370	412	1403
