0	591	448	852	486
0	555	689	885	724
0	569	753	869	785
0	479	940	958	977
0	506	1007	938	1051
0	599	1514	851	1595
0	431	1683	1010	1765
0	375	361	390	381
0	820	361	835	381
0	1134	518	1195	548
0	256	553	629	583
0	375	801	662	847
0	973	807	988	837
0	1015	813	1029	840
0	457	851	473	872
0	815	1069	830	1100
0	894	1073	909	1100
0	250	1105	271	1128
0	333	1108	356	1129
0	914	1179	928	1206
0	999	1179	1014	1207
0	250	1207	554	1253
0	779	1357	838	1387
0	364	1360	415	1382
0	877	1389	952	1421
0	659	1463	728	1492
