0	619	488	914	550
0	603	276	693	304
0	266	311	294	330
0	817	342	890	370
0	696	374	780	402
0	854	377	888	404
0	1199	378	1261	399
0	600	415	616	427
0	1117	578	1131	597
0	585	640	608	669
0	649	644	677	664
0	906	710	938	730
0	793	740	1036	768
0	377	749	393	761
0	612	775	644	794
0	921	775	939	794
0	664	851	737	879
0	383	929	459	957
0	615	939	631	951
0	888	975	965	1003
0	1179	975	1227	1003
0	980	1020	1027	1047
0	563	1067	579	1091
0	822	1068	851	1087
0	413	1097	718	1126
0	736	1099	754	1119
0	331	1130	518	1158
0	777	1139	851	1151
0	266	1166	280	1185
0	319	1173	335	1185
0	1104	1206	1123	1218
0	1184	1230	1260	1258
0	1038	1263	1181	1291
0	1241	1272	1261	1284
0	1002	1295	1078	1323
0	334	1328	477	1356
0	372	1396	404	1415
0	893	1396	912	1415
0	1149	1428	1269	1456
0	569	1429	601	1448
0	270	1458	440	1486
0	699	1461	875	1489
0	540	1469	554	1487
0	749	1503	824	1524
0	1082	1594	1114	1613
0	657	1600	685	1621
0	351	1623	432	1654
0	547	1656	755	1686
0	1008	1716	1039	1735
0	1078	1716	1108	1735
0	761	1721	779	1732
0	849	1721	867	1732
