0	400	535	1053	630
0	539	771	915	808
0	535	1266	919	1315
0	589	1403	893	1498
0	502	182	541	209
0	1120	189	1146	202
0	1136	234	1160	255
0	236	240	251	259
0	375	240	401	258
0	240	334	264	355
0	330	334	348	361
0	822	337	846	358
0	317	649	519	679
0	584	658	612	677
0	723	658	751	677
0	630	659	658	677
0	251	698	356	733
0	420	698	586	729
0	786	865	814	884
0	229	1011	254	1032
0	545	1515	584	1542
0	656	1523	671	1543
0	442	1565	463	1591
0	1048	1566	1071	1587
0	351	1574	380	1595
0	174	1668	197	1689
0	686	1719	709	1740
0	174	1768	429	1799
0	511	1770	652	1793
