0	619	423	827	455
0	599	604	847	632
0	593	937	847	966
0	564	1123	882	1155
0	588	1520	851	1559
0	638	1625	807	1656
0	621	1734	825	1765
0	920	316	940	334
0	1055	321	1068	336
0	666	343	739	364
0	1089	345	1113	363
0	303	373	322	395
0	414	403	433	425
0	360	472	396	498
0	1092	473	1145	491
0	748	500	863	526
0	349	501	401	527
0	303	502	335	520
0	669	502	688	524
0	536	528	745	555
0	303	556	595	583
0	518	720	541	738
0	849	720	868	742
0	565	726	578	742
0	849	746	946	773
0	1000	748	1021	766
0	1046	755	1059	770
0	384	777	445	801
0	735	777	832	803
0	905	783	918	799
0	362	806	487	830
0	860	806	921	830
0	801	832	981	859
0	831	862	1139	889
0	400	864	428	888
0	757	994	780	1012
0	553	1020	762	1047
0	390	1024	413	1042
0	338	1051	463	1077
0	602	1051	663	1077
0	817	1087	830	1103
0	935	1183	993	1204
0	342	1363	467	1387
0	641	1363	702	1387
0	883	1394	906	1412
0	1053	1394	1084	1415
0	419	1421	485	1445
0	699	1421	824	1445
0	498	1451	622	1475
0	837	1451	1012	1475
0	408	1480	646	1506
0	558	1582	710	1606
0	719	1678	761	1699
0	600	1682	642	1706
