0	535	352	857	421
0	577	479	818	515
0	411	748	982	822
0	604	1497	789	1570
0	494	316	555	334
0	925	539	941	557
0	499	569	556	590
0	609	569	666	590
0	839	596	855	614
0	649	621	684	653
0	838	722	854	734
0	710	872	726	890
0	779	872	795	890
0	402	929	418	947
0	476	935	489	951
0	511	994	523	1009
0	618	1047	679	1068
0	608	1076	674	1094
0	644	1099	679	1131
0	303	1133	319	1151
0	1018	1162	1057	1186
0	512	1163	527	1181
0	303	1190	342	1216
0	737	1191	754	1209
0	636	1355	730	1381
0	734	1461	795	1479
0	382	1462	439	1483
