0	612	702	782	762
0	524	1093	858	1160
0	868	396	1004	422
0	795	397	820	418
0	535	428	598	449
0	303	432	316	447
0	449	462	462	478
0	835	484	851	502
0	981	550	994	565
0	339	602	396	623
0	461	630	510	651
0	671	630	768	650
0	1039	630	1088	651
0	362	787	402	811
0	303	817	352	838
0	406	817	438	840
0	838	847	870	870
0	1032	848	1089	869
0	431	876	488	897
0	714	934	730	952
0	556	942	572	954
0	1023	960	1082	981
0	372	997	384	1009
0	813	997	833	1009
0	647	1020	659	1042
0	983	1185	1042	1206
0	465	1217	505	1241
0	900	1247	916	1265
0	715	1301	751	1333
0	1015	1480	1044	1504
