0	614	522	826	553
0	453	1118	994	1201
0	520	1372	918	1454
0	596	1526	850	1557
0	600	389	617	405
0	475	419	492	437
0	784	424	800	436
0	303	476	342	497
0	495	583	533	604
0	925	584	982	605
0	399	643	457	664
0	748	757	769	781
0	703	818	763	839
0	510	847	540	866
0	933	847	963	866
0	789	909	891	939
0	623	911	658	932
0	882	959	1003	985
0	956	988	972	1006
0	693	994	716	1010
0	524	1018	552	1039
0	797	1018	813	1036
0	955	1018	972	1036
0	1071	1044	1140	1071
0	705	1045	764	1069
0	303	1047	367	1065
0	800	1047	823	1063
0	833	1077	968	1098
0	488	1225	518	1248
0	1058	1225	1132	1248
0	730	1226	796	1252
0	436	1229	466	1250
0	914	1256	953	1285
0	303	1261	377	1284
0	397	1263	604	1289
0	829	1265	850	1283
0	965	1292	975	1310
0	883	1293	900	1309
0	731	1317	774	1354
0	357	1481	378	1502
0	959	1488	972	1500
0	343	1611	388	1648
0	1063	1617	1132	1644
0	1019	1650	1049	1668
0	502	1676	589	1702
