0	672	867	833	904
0	596	916	915	955
0	666	1074	840	1111
0	580	1123	930	1161
0	568	1242	937	1280
0	675	1542	833	1581
0	680	1607	830	1646
0	1260	345	1290	369
0	777	417	840	447
0	880	417	1057	447
0	208	448	245	484
0	1219	559	1250	580
0	737	560	775	581
0	1212	595	1251	616
0	546	602	562	622
0	1262	662	1298	685
0	589	663	836	692
0	1017	732	1167	763
0	208	736	236	765
0	1203	736	1231	765
0	488	985	504	998
0	596	1182	625	1205
0	821	1313	858	1334
0	611	1345	640	1369
0	1134	1349	1179	1370
0	1037	1350	1074	1371
0	764	1380	836	1404
0	662	1385	699	1406
0	494	1736	679	1767
0	319	1810	365	1834
0	208	1816	251	1834
