0	522	363	919	401
0	595	462	847	502
0	607	584	835	614
0	590	677	854	732
0	654	313	720	333
0	399	348	424	367
0	516	416	555	437
0	973	416	1001	444
0	511	527	569	560
0	976	530	1080	551
0	532	629	560	657
0	456	758	507	782
0	609	896	690	918
0	1082	901	1140	922
0	771	925	851	947
0	1033	1101	1072	1122
0	558	1104	626	1124
0	454	1133	511	1154
0	726	1163	749	1179
0	802	1163	847	1186
0	688	1242	716	1266
0	366	1275	394	1296
0	622	1308	645	1329
0	407	1309	419	1325
0	595	1335	730	1359
0	544	1336	576	1357
0	654	1362	693	1383
0	855	1362	1017	1390
0	805	1401	817	1413
0	759	1418	825	1447
0	646	1419	727	1441
0	372	1423	398	1444
0	348	1607	364	1625
0	1122	1607	1139	1625
0	424	1636	483	1657
0	710	1665	726	1683
0	443	1693	460	1711
