0	579	346	884	432
0	597	499	868	540
0	629	615	840	699
0	251	1395	1138	1444
0	255	1551	1132	1600
0	276	1707	1111	1805
0	289	297	320	330
0	775	721	794	747
0	723	758	759	788
0	1194	806	1224	839
0	1246	814	1294	840
0	791	845	1200	881
0	609	850	677	880
0	174	854	269	880
0	632	1090	674	1122
0	250	1267	287	1297
0	1013	1269	1028	1290
0	815	1304	847	1336
0	290	1307	327	1337
0	980	1345	1048	1375
0	428	1457	621	1493
0	254	1461	356	1487
0	1042	1466	1155	1487
0	1171	1466	1284	1487
0	980	1499	1018	1532
0	884	1615	914	1650
