0	216	448	1211	587
0	355	869	1070	975
0	406	1087	1021	1148
0	218	1225	1210	1422
0	329	1529	1098	1710
0	1151	163	1246	196
0	183	195	502	228
0	595	201	645	229
0	735	233	920	262
0	476	234	674	262
0	1024	268	1238	296
0	745	299	875	323
0	944	299	1087	328
0	260	301	317	328
0	332	302	417	325
0	240	334	367	362
0	664	334	816	362
0	1015	334	1120	361
0	377	398	426	426
0	554	600	783	633
0	1180	751	1194	770
0	241	778	257	811
0	331	782	403	802
0	664	813	822	846
0	992	822	1055	846
0	831	1003	960	1032
0	1163	1003	1192	1026
0	590	1004	738	1033
0	261	1010	270	1028
0	351	1036	380	1059
0	272	1174	576	1207
