0	475	226	982	297
0	393	319	529	345
0	174	368	202	394
0	696	370	761	390
0	1160	373	1250	388
0	1147	423	1162	436
0	1228	423	1243	436
0	1006	465	1061	486
0	174	466	240	486
0	429	610	484	631
0	1141	658	1216	679
0	870	660	939	681
0	777	705	850	727
0	607	763	621	775
0	362	812	456	825
0	806	997	912	1018
0	651	1046	670	1067
0	1223	1046	1278	1067
0	1015	1053	1030	1066
0	994	1144	1049	1165
0	1183	1337	1277	1358
0	285	1344	373	1357
0	878	1386	933	1407
0	728	1436	796	1456
0	1027	1441	1042	1454
0	675	1480	808	1510
0	1101	1531	1156	1552
0	734	1581	803	1601
0	711	1627	766	1648
