0	449	607	1038	642
0	556	719	931	784
0	544	933	986	1045
0	564	1193	973	1292
0	593	224	607	245
0	1107	265	1232	296
0	174	305	217	336
0	1148	305	1191	336
0	851	312	874	333
0	748	387	935	413
0	1042	509	1066	530
0	365	547	541	578
0	341	886	660	918
0	626	1062	711	1092
0	781	1063	838	1092
0	858	1063	915	1092
0	260	1065	279	1086
0	298	1065	319	1086
0	363	1103	422	1127
0	962	1105	992	1126
0	526	1315	643	1355
0	1055	1318	1140	1349
0	353	1362	403	1391
0	431	1402	489	1431
0	174	1403	202	1427
0	1294	1403	1313	1424
0	229	1440	258	1464
