0	656	278	800	351
0	624	507	831	544
0	643	847	814	934
0	674	1024	782	1090
0	632	1261	773	1343
0	393	1480	1062	1558
0	853	369	908	399
0	423	377	524	392
0	872	578	1025	607
0	239	587	300	607
0	1149	630	1221	650
0	681	636	697	649
0	764	636	780	649
0	389	685	404	698
0	779	685	795	698
0	328	726	468	752
0	776	726	791	747
0	1196	734	1212	746
0	463	772	693	801
0	799	772	954	801
0	779	951	885	980
0	939	1112	1026	1134
0	366	1119	459	1134
0	1262	1119	1278	1134
0	229	1161	250	1182
0	317	1363	464	1390
0	449	1574	504	1595
0	667	1623	732	1649
