0	454	643	974	738
0	425	1086	1004	1176
0	701	138	782	165
0	453	166	674	204
0	864	174	888	194
0	623	206	646	233
0	476	246	496	265
0	866	345	947	372
0	629	373	710	408
0	1056	381	1074	400
0	779	413	853	437
0	1055	439	1136	474
0	406	454	420	466
0	570	479	726	508
0	478	513	544	537
0	716	514	736	533
0	1063	514	1081	533
0	208	547	229	566
0	974	547	1009	569
0	694	549	714	568
0	412	577	472	605
0	296	585	310	597
0	183	610	243	638
0	259	746	280	765
0	544	746	616	767
0	676	748	685	764
0	779	778	828	806
0	1038	778	1236	806
0	648	812	712	832
0	311	838	392	873
0	461	1019	518	1046
0	745	1019	769	1038
0	367	1048	402	1070
0	718	1191	1005	1220
0	431	1195	513	1223
0	1026	1255	1055	1282
0	783	1291	875	1322
0	862	1326	890	1353
0	1119	1327	1137	1347
0	1116	1352	1145	1380
0	410	1359	464	1387
0	712	1388	728	1421
0	230	1392	312	1421
0	901	1457	930	1478
0	346	1554	406	1584
0	991	1557	1046	1585
0	829	1586	910	1616
0	715	1591	735	1610
0	375	1620	726	1649
0	1033	1622	1159	1651
0	404	1669	467	1693
0	643	1673	704	1692
0	557	1705	585	1719
