0	463	356	950	417
0	513	533	899	593
0	511	698	899	736
0	412	990	990	1072
0	591	1221	816	1258
0	479	1332	933	1410
0	907	222	969	251
0	1116	275	1132	287
0	589	309	650	338
0	1016	311	1043	332
0	187	444	207	465
0	768	627	784	640
0	1116	807	1130	828
0	803	851	817	872
0	1042	894	1056	915
0	171	936	253	966
0	637	939	657	960
0	1022	1096	1119	1125
0	264	1098	328	1119
0	1093	1137	1142	1164
0	588	1142	638	1166
0	188	1432	237	1456
0	417	1441	433	1454
0	544	1477	594	1501
0	211	1593	269	1624
0	943	1708	1002	1737
0	121	1751	183	1781
0	734	1751	811	1781
