0	266	652	1130	696
0	461	1295	1005	1380
0	420	1499	1049	1542
0	469	1625	993	1665
0	697	257	852	302
0	873	257	1028	302
0	656	355	679	376
0	812	442	861	468
0	805	482	1069	514
0	417	484	451	513
0	994	524	1009	545
0	274	525	293	546
0	793	533	810	553
0	876	558	1292	595
0	399	561	433	591
0	466	873	601	903
0	570	920	582	933
0	868	1158	905	1188
0	174	1195	400	1231
0	782	1198	850	1228
0	947	1199	967	1220
0	534	1236	600	1266
0	343	1239	366	1260
0	467	1239	492	1260
0	245	1410	293	1431
0	1276	1699	1291	1720
0	227	1736	314	1767
0	802	1738	821	1759
