0	612	277	878	320
0	259	184	385	213
0	837	186	866	215
0	891	217	1136	249
0	310	218	436	244
0	677	219	772	248
0	574	376	675	406
0	261	386	289	407
0	610	445	691	474
0	955	445	1036	474
0	1118	475	1304	513
0	979	482	1080	511
0	174	550	305	577
0	372	550	536	581
0	1163	550	1242	579
0	683	583	910	620
0	1264	591	1313	617
0	311	621	725	657
0	574	659	1052	697
0	949	698	1093	725
0	816	734	895	763
0	445	764	638	802
0	802	770	866	799
0	941	777	957	805
0	1207	780	1247	801
0	473	821	489	833
0	1017	821	1044	839
0	453	877	846	914
0	995	922	1154	946
0	1253	922	1283	946
0	1123	985	1306	1016
0	624	990	725	1019
0	174	1019	306	1055
0	1002	1025	1103	1054
0	400	1027	426	1050
0	485	1027	515	1053
0	1165	1027	1184	1048
0	212	1056	401	1093
0	349	1095	469	1132
0	174	1099	302	1130
0	692	1224	718	1253
0	328	1329	354	1365
0	658	1451	690	1475
0	1069	1521	1095	1544
0	1160	1521	1190	1547
0	1027	1528	1050	1548
0	1288	1564	1313	1582
0	749	1617	772	1652
0	948	1652	1025	1689
0	1261	1652	1284	1688
0	439	1661	465	1684
0	1262	1691	1285	1726
0	745	1726	821	1763
