0	1033	135	1080	165
0	959	182	1006	211
0	752	270	828	314
0	902	270	941	309
0	1104	272	1151	302
0	999	316	1101	352
0	460	318	555	353
0	1276	422	1291	442
0	929	454	1050	490
0	1193	454	1291	489
0	543	507	566	528
0	928	592	1022	627
0	760	596	807	625
0	1252	599	1282	620
0	750	636	792	682
0	602	644	626	665
0	849	644	872	665
0	555	689	586	710
0	222	728	317	763
0	1138	826	1161	847
0	789	873	819	894
0	1104	880	1119	900
0	522	925	538	945
0	734	1147	768	1168
0	876	1238	930	1264
0	1136	1238	1264	1264
0	592	1239	663	1260
0	642	1281	708	1304
0	453	1284	526	1310
0	961	1284	1015	1310
0	1087	1284	1137	1310
0	1232	1326	1282	1349
0	578	1329	608	1350
0	825	1329	898	1353
0	1125	1647	1191	1670
