0	521	371	925	399
0	477	968	972	1000
0	556	1105	889	1132
0	286	294	305	315
0	386	294	404	312
0	862	294	882	312
0	916	294	935	312
0	1046	294	1064	312
0	861	321	1125	345
0	356	323	383	339
0	606	422	836	450
0	457	432	487	448
0	1074	432	1153	448
0	839	455	1152	479
0	489	482	921	510
0	710	513	820	537
0	857	513	997	539
0	577	543	596	561
0	860	596	958	618
0	1015	601	1034	619
0	468	630	495	648
0	551	630	570	648
0	645	630	663	648
0	794	630	913	648
0	486	654	590	676
0	387	660	406	678
0	648	660	667	678
0	1015	660	1034	678
0	539	688	555	706
0	938	688	958	706
0	623	718	642	736
0	823	718	839	736
0	869	718	888	736
0	916	743	997	767
0	503	747	662	770
0	735	777	755	795
0	978	777	1021	800
0	1074	777	1126	795
0	518	782	544	801
0	939	803	1029	827
0	286	807	326	830
0	382	807	432	825
0	866	807	898	828
0	788	808	801	824
0	952	837	984	858
0	556	862	644	886
0	497	866	515	884
0	722	866	741	884
0	735	891	776	913
0	346	896	366	914
0	399	896	419	914
0	529	896	563	917
0	313	1024	445	1053
0	643	1028	985	1052
0	513	1057	532	1075
0	575	1057	644	1077
0	435	1059	448	1075
0	726	1161	745	1179
0	1044	1161	1062	1179
0	901	1184	1051	1212
0	409	1190	428	1208
0	1062	1190	1166	1212
0	428	1217	821	1241
0	876	1217	1160	1241
0	286	1218	310	1240
0	439	1247	732	1273
0	697	1273	792	1302
0	580	1277	660	1299
0	599	1306	816	1330
0	456	1307	480	1331
0	938	1307	950	1325
0	1128	1307	1153	1331
0	382	1335	560	1362
0	857	1335	1060	1362
0	571	1363	651	1389
0	514	1366	535	1384
0	963	1422	1043	1448
0	384	1423	407	1441
0	1028	1479	1158	1507
0	362	1481	381	1499
0	517	1481	556	1499
0	645	1481	664	1499
0	710	1481	737	1499
0	967	1481	990	1499
0	1007	1507	1089	1535
0	957	1511	976	1529
0	906	1539	985	1565
0	1023	1540	1153	1564
0	675	1565	761	1593
0	383	1569	406	1585
0	382	1597	522	1623
0	564	1597	677	1623
0	287	1680	382	1702
0	982	1685	1044	1707
0	445	1685	464	1701
0	690	1685	710	1701
0	1083	1685	1159	1703
0	1064	1710	1159	1732
0	331	1714	350	1732
0	361	1744	380	1762
0	754	1744	773	1762
0	287	1772	305	1790
0	733	1772	752	1790
0	869	1772	888	1790
0	660	1802	680	1820
