0	506	328	941	442
0	450	516	1001	551
0	540	626	911	661
0	453	854	995	885
0	574	1440	877	1472
0	428	294	600	317
0	648	294	667	312
0	338	453	424	477
0	850	456	933	480
0	1092	457	1128	478
0	1015	458	1028	474
0	603	482	693	506
0	287	488	355	508
0	529	488	563	509
0	315	564	647	592
0	436	595	496	619
0	351	603	381	618
0	470	677	498	698
0	940	677	1079	698
0	774	702	853	731
0	619	734	733	758
0	1125	735	1152	756
0	846	763	990	784
0	1033	763	1052	781
0	439	792	532	813
0	544	931	571	949
0	910	1082	933	1100
0	398	1140	419	1158
0	475	1301	502	1319
0	287	1330	313	1348
0	725	1330	842	1348
0	412	1354	508	1376
0	741	1354	899	1380
0	915	1360	932	1378
0	872	1481	891	1499
0	393	1488	416	1504
0	428	1488	452	1504
0	501	1488	524	1504
0	1027	1509	1131	1533
0	287	1540	313	1558
0	870	1540	998	1561
0	1040	1547	1055	1558
0	601	1565	812	1594
0	411	1598	427	1616
0	901	1598	935	1622
0	976	1598	1010	1622
0	579	1627	760	1650
0	802	1657	856	1675
0	947	1657	966	1675
0	1027	1657	1054	1675
0	287	1685	306	1703
0	287	1710	383	1732
0	663	1714	679	1732
0	476	1744	493	1762
0	921	1744	957	1762
0	712	1772	739	1790
0	441	1798	570	1825
0	655	1799	697	1825
