0	470	550	1014	620
0	631	950	857	1017
0	1217	178	1233	207
0	431	185	490	212
0	591	193	609	212
0	1126	223	1205	246
0	809	370	835	388
0	1090	394	1220	425
0	744	427	985	464
0	599	472	614	491
0	174	680	351	710
0	891	690	908	702
0	1283	718	1306	739
0	378	753	410	779
0	517	761	543	779
0	618	789	694	810
0	476	823	569	850
0	559	1062	590	1094
0	174	1065	215	1096
0	517	1097	892	1135
0	1148	1105	1179	1131
0	1075	1272	1304	1309
0	174	1274	326	1309
0	428	1278	491	1307
0	705	1317	720	1337
0	757	1347	841	1377
0	1226	1347	1313	1377
0	265	1351	290	1374
0	501	1353	549	1374
0	174	1383	424	1414
0	473	1420	509	1446
0	584	1455	659	1476
0	367	1525	532	1551
0	1271	1526	1306	1550
0	643	1568	657	1581
0	236	1593	364	1624
0	739	1728	780	1757
0	1034	1728	1120	1765
