0	574	1641	877	1674
0	911	294	931	312
0	609	323	629	339
0	398	353	421	371
0	354	407	377	426
0	1056	439	1080	457
0	1006	468	1025	486
0	660	556	680	574
0	423	582	502	609
0	1015	644	1034	660
0	287	672	308	690
0	775	672	793	690
0	702	702	721	720
0	634	730	654	748
0	509	760	527	778
0	431	789	450	807
0	424	847	447	865
0	481	1021	504	1037
0	1056	1079	1080	1097
0	585	1138	608	1156
0	353	1166	376	1184
0	1107	1166	1158	1188
0	335	1191	399	1218
0	758	1438	862	1465
0	588	1468	692	1495
0	644	1529	671	1547
0	946	1529	1063	1547
0	495	1552	597	1574
0	834	1552	997	1579
0	1019	1557	1035	1575
0	944	1685	963	1703
0	404	1691	427	1706
0	444	1691	468	1706
0	530	1691	553	1706
0	476	1767	624	1790
0	798	1772	817	1790
0	903	1772	986	1790
0	1027	1772	1053	1790
0	476	1796	517	1818
0	758	1796	886	1824
