0	667	1591	852	1658
0	603	176	810	267
0	1075	176	1223	267
0	292	268	508	359
0	547	297	563	332
0	921	297	966	336
0	1122	297	1176	336
0	297	362	500	408
0	535	369	574	405
0	921	369	966	408
0	1122	369	1176	408
0	676	371	739	401
0	300	416	497	451
0	547	417	563	452
0	921	417	966	456
0	1122	417	1176	456
0	676	419	739	449
0	350	455	449	543
0	921	487	966	526
0	1122	487	1176	526
0	536	492	574	513
0	357	552	441	598
0	921	558	966	597
0	1122	558	1176	597
0	547	564	562	584
0	360	601	439	647
0	547	611	562	632
0	1141	611	1156	632
0	581	675	763	704
0	274	720	349	749
0	566	720	639	749
0	222	765	297	794
0	307	926	449	956
0	525	929	559	953
0	548	970	579	1008
0	222	975	303	1001
0	597	1338	670	1367
0	1100	1338	1173	1367
0	795	1341	829	1362
0	1019	1341	1053	1362
0	619	1383	651	1407
0	693	1385	766	1414
0	1160	1385	1234	1414
0	255	1386	290	1407
0	1206	1429	1238	1454
0	703	1429	776	1459
0	607	1475	680	1504
0	487	1522	561	1551
0	1227	1522	1291	1557
