0	657	381	785	414
0	543	651	900	689
0	463	712	982	752
0	454	769	990	804
0	511	820	931	855
0	652	1132	792	1170
0	556	1281	886	1331
0	511	1385	931	1452
0	611	322	753	351
0	334	453	349	474
0	364	485	559	515
0	577	485	752	515
0	836	496	852	515
0	261	557	410	586
0	429	557	575	586
0	424	1191	449	1214
0	1039	1202	1068	1220
0	1077	1470	1187	1515
0	1045	1496	1061	1515
0	861	1522	931	1551
0	823	1531	839	1550
0	250	1552	290	1596
0	961	1568	1031	1598
0	294	1606	330	1637
0	467	1606	509	1632
0	532	1606	574	1632
0	352	1607	383	1634
0	406	1607	445	1633
0	537	1642	565	1669
0	725	1642	753	1669
0	1146	1649	1162	1668
0	356	1684	372	1703
