0	586	801	865	833
0	521	996	923	1024
0	537	1301	912	1336
0	587	1414	861	1443
0	541	1519	909	1554
0	731	294	782	315
0	981	294	1033	315
0	287	393	607	422
0	1093	397	1133	418
0	865	422	944	451
0	681	429	722	450
0	287	454	393	483
0	473	459	513	480
0	352	488	448	512
0	701	489	741	510
0	374	517	397	535
0	833	517	873	538
0	657	541	734	570
0	960	541	1066	570
0	475	547	515	568
0	656	575	697	596
0	745	576	829	594
0	989	576	1027	594
0	526	601	709	628
0	798	606	874	622
0	433	630	531	652
0	742	635	758	651
0	409	664	445	685
0	716	664	732	685
0	1013	666	1026	682
0	287	694	308	712
0	630	694	656	712
0	516	695	529	711
0	569	721	619	747
0	655	722	673	740
0	816	722	832	740
0	925	722	944	740
0	287	752	502	775
0	912	752	937	770
0	1100	842	1160	868
0	710	874	739	895
0	1090	874	1125	895
0	631	874	644	890
0	1008	900	1159	926
0	287	902	303	920
0	622	902	657	923
0	801	902	817	924
0	865	902	883	920
0	721	903	734	919
0	286	931	399	955
0	582	931	642	955
0	842	931	1160	955
0	286	960	502	984
0	443	1068	594	1092
0	884	1069	910	1087
0	700	1097	762	1118
0	741	1128	760	1146
0	700	1185	719	1203
0	894	1185	931	1206
0	287	1215	305	1233
0	888	1215	923	1236
0	962	1215	978	1233
0	316	1243	332	1261
0	375	1243	395	1261
0	846	1243	1060	1266
0	330	1352	360	1373
0	626	1352	661	1373
0	752	1352	784	1373
0	1049	1352	1086	1373
0	1026	1458	1166	1484
0	536	1461	551	1482
0	896	1461	931	1482
0	286	1488	396	1514
0	855	1568	946	1590
0	595	1597	735	1621
0	867	1598	893	1616
0	1004	1626	1096	1648
0	592	1627	630	1648
0	926	1628	939	1643
0	899	1657	918	1675
0	1038	1658	1051	1674
0	816	1685	831	1707
0	287	1685	308	1701
0	644	1685	680	1706
0	313	1714	336	1732
0	555	1714	583	1735
0	585	1744	604	1762
0	693	1744	721	1765
0	898	1744	1047	1765
0	418	1772	569	1793
0	656	1772	687	1793
0	745	1772	776	1793
0	1082	1772	1110	1793
0	287	1802	315	1823
0	716	1802	809	1823
