0	588	378	860	407
0	564	1286	880	1321
0	557	1627	892	1664
0	737	291	986	319
0	445	292	574	319
0	286	293	406	322
0	858	321	911	345
0	1073	416	1088	437
0	653	420	666	438
0	947	420	964	442
0	742	446	859	474
0	466	448	527	474
0	1075	448	1088	467
0	574	476	624	500
0	795	476	901	500
0	465	478	482	500
0	980	478	994	496
0	1015	505	1165	532
0	499	506	552	532
0	567	506	621	532
0	662	506	715	532
0	388	507	405	528
0	287	533	407	560
0	441	533	569	560
0	599	592	1015	619
0	1048	592	1153	619
0	648	670	743	694
0	339	671	359	689
0	880	671	907	689
0	667	701	718	722
0	821	701	840	719
0	904	701	923	719
0	460	730	479	746
0	540	730	559	746
0	899	758	950	779
0	287	789	306	805
0	752	789	768	805
0	1100	789	1151	810
0	442	817	461	835
0	505	817	525	835
0	824	817	840	835
0	884	817	903	835
0	802	841	843	863
0	582	847	758	870
0	413	875	429	893
0	387	902	461	928
0	645	905	697	926
0	929	905	948	923
0	566	932	640	958
0	725	932	798	958
0	838	934	857	952
0	1083	940	1097	956
0	516	962	644	986
0	712	962	730	980
0	969	962	1020	983
0	287	991	360	1015
0	923	991	1049	1015
0	578	992	629	1013
0	776	992	795	1010
0	958	1018	1027	1044
0	287	1019	392	1043
0	498	1019	725	1045
0	909	1020	924	1042
0	1134	1020	1153	1038
0	947	1051	999	1072
0	320	1079	339	1097
0	646	1131	747	1153
0	517	1161	681	1193
0	485	1166	501	1184
0	626	1195	790	1226
0	324	1227	487	1259
0	287	1263	308	1281
0	1058	1329	1153	1351
0	356	1333	392	1359
0	648	1363	700	1384
0	1035	1363	1087	1384
0	753	1393	776	1411
0	287	1421	303	1439
0	737	1421	760	1439
0	1060	1421	1083	1439
0	359	1504	617	1533
0	799	1509	822	1527
0	633	1534	951	1563
0	1128	1540	1151	1558
0	431	1599	454	1617
0	659	1682	700	1703
0	699	1707	783	1736
0	1002	1707	1115	1736
0	521	1712	562	1733
0	844	1737	928	1766
0	318	1743	359	1764
0	1001	1744	1020	1762
