0	713	360	748	381
0	359	395	494	424
0	250	428	366	458
0	614	799	675	835
0	496	1136	516	1157
0	620	1136	636	1157
0	1146	1136	1162	1157
0	343	1137	364	1158
0	1034	1171	1050	1192
0	479	1238	522	1264
0	630	1238	651	1259
0	723	1238	739	1259
0	360	1273	380	1294
0	533	1273	549	1294
0	656	1273	677	1294
0	831	1306	1107	1336
0	522	1308	537	1329
0	847	1340	1000	1371
0	250	1342	301	1371
0	602	1343	618	1364
0	1023	1343	1044	1364
0	971	1412	986	1433
0	547	1446	627	1469
0	366	1514	382	1535
0	412	1548	694	1577
0	840	1551	910	1572
0	912	1582	992	1605
0	479	1652	520	1676
0	667	1652	688	1673
0	360	1687	380	1708
0	637	1687	658	1708
