0	250	325	276	346
0	848	325	1087	352
0	1145	325	1164	346
0	648	357	802	386
0	591	391	694	422
0	1175	395	1194	416
0	861	462	983	493
0	1049	463	1136	493
0	546	499	630	528
0	303	534	346	560
0	486	534	510	555
0	573	534	593	555
0	692	568	812	597
0	882	568	999	597
0	440	570	466	591
0	528	570	571	594
0	656	606	798	627
0	364	638	810	667
0	287	641	310	662
0	1037	641	1080	665
0	420	676	440	697
0	487	812	568	842
0	869	812	956	842
0	739	849	758	870
0	928	891	947	904
0	554	917	636	946
0	340	990	375	1014
0	1016	1056	1138	1087
0	250	1090	404	1122
0	876	1093	1038	1123
0	961	1127	1266	1159
0	250	1130	324	1156
0	566	1130	585	1151
0	250	1162	410	1194
0	1095	1162	1245	1193
0	544	1164	795	1194
0	525	1198	907	1230
0	342	1268	722	1300
0	409	1303	728	1333
0	790	1303	1194	1333
0	356	1376	386	1402
0	453	1376	484	1402
0	945	1376	1116	1402
0	250	1406	557	1438
0	659	1412	991	1439
0	1174	1446	1194	1467
0	1003	1447	1130	1473
0	327	1514	1187	1547
0	330	1558	353	1571
0	490	1585	572	1614
0	870	1585	957	1614
0	638	1590	700	1613
0	724	1620	1051	1649
0	250	1628	265	1642
0	473	1656	690	1685
0	955	1693	1195	1720
0	547	1728	676	1755
0	808	1728	961	1757
0	1048	1728	1058	1748
