0	690	1461	809	1488
0	626	1576	869	1659
0	629	131	706	161
0	778	294	839	316
0	329	345	697	367
0	510	558	529	576
0	1138	558	1161	576
0	1270	584	1323	610
0	240	864	306	888
0	498	891	895	915
0	663	976	729	1000
0	1338	1283	1367	1304
0	586	1285	605	1303
0	1006	1285	1023	1303
0	800	1291	813	1307
0	1081	1291	1094	1307
0	700	1309	728	1330
0	1091	1312	1269	1332
0	393	1313	411	1329
0	465	1318	478	1334
0	317	1341	408	1359
0	488	1346	501	1358
0	130	1368	322	1392
0	1318	1369	1336	1387
0	736	1509	801	1533
0	499	1515	512	1531
