0	640	975	846	1156
0	518	1302	927	1343
0	637	1400	807	1436
0	615	1482	829	1520
0	629	1625	816	1668
0	723	316	847	345
0	843	441	925	462
0	927	610	972	649
0	250	617	297	646
0	1051	617	1194	644
0	307	652	466	679
0	338	686	347	707
0	788	749	867	786
0	454	789	539	821
0	671	862	750	891
0	826	865	995	889
0	584	896	660	926
0	397	929	482	960
0	446	1181	555	1212
0	870	1191	886	1204
0	250	1213	428	1242
0	736	1218	752	1246
0	633	1219	669	1248
0	588	1533	626	1570
0	454	1534	480	1563
0	697	1538	733	1567
0	947	1572	979	1600
0	996	1574	1034	1598
0	962	1691	1069	1727
