0	463	602	996	672
0	629	718	832	750
0	496	901	963	962
0	275	1017	1179	1087
0	593	1210	860	1276
0	615	1662	844	1724
0	498	1842	962	1907
0	1050	531	1223	558
0	432	559	615	586
0	903	766	1027	790
0	398	768	485	786
0	441	796	561	822
0	277	797	298	815
0	667	825	682	847
0	1048	826	1076	847
0	262	832	290	847
0	837	855	868	874
0	715	1110	785	1136
0	452	1168	594	1194
0	1000	1301	1115	1319
0	1183	1301	1200	1319
0	421	1329	445	1347
0	735	1359	765	1377
0	197	1472	438	1500
0	672	1472	847	1500
0	938	1618	1049	1644
0	675	1739	716	1760
0	138	1770	425	1796
0	793	1771	818	1789
0	1037	1771	1050	1793
