0	474	339	1015	408
0	539	490	944	561
0	511	651	971	720
0	611	795	878	833
0	678	969	808	996
0	591	1361	899	1404
0	778	257	794	277
0	570	263	584	281
0	1125	263	1144	275
0	174	289	202	312
0	1150	437	1180	468
0	238	439	357	468
0	577	440	589	460
0	379	589	497	625
0	716	596	729	615
0	912	747	958	770
0	447	866	476	889
0	263	911	279	931
0	346	911	371	931
0	839	911	855	931
0	1040	1029	1094	1057
0	1167	1029	1306	1057
0	958	1031	974	1050
0	355	1064	380	1083
0	544	1064	561	1083
0	1015	1097	1040	1116
0	678	1129	739	1157
0	1191	1130	1207	1150
0	608	1130	636	1152
0	375	1137	394	1149
0	342	1164	358	1183
0	388	1217	404	1237
0	565	1217	590	1237
0	1071	1217	1087	1237
0	1197	1217	1279	1240
0	455	1250	521	1270
0	570	1250	586	1270
0	656	1250	702	1273
0	1238	1250	1255	1270
0	929	1276	989	1303
0	1051	1276	1112	1303
0	700	1282	819	1310
0	366	1284	394	1306
0	174	1317	186	1337
0	505	1317	551	1340
0	611	1317	656	1340
0	431	1434	725	1462
0	743	1434	919	1463
0	223	1436	247	1456
0	1153	1443	1173	1461
0	758	1533	1006	1561
0	1187	1533	1241	1561
0	611	1536	627	1555
0	304	1537	345	1558
0	361	1537	402	1559
0	880	1567	964	1590
0	281	1568	312	1587
0	505	1568	523	1588
0	981	1569	1112	1592
0	174	1594	367	1627
0	795	1594	813	1620
0	1170	1599	1306	1627
0	702	1601	723	1620
0	996	1601	1027	1620
0	386	1602	519	1625
0	588	1630	672	1658
0	401	1631	471	1658
