0	455	377	991	416
0	494	570	950	622
0	561	824	883	861
0	391	975	1050	1012
0	662	1173	787	1211
0	431	1583	1011	1709
0	501	322	546	351
0	476	448	552	480
0	995	450	1072	480
0	612	453	640	479
0	533	483	564	507
0	318	485	352	515
0	766	485	801	515
0	250	523	278	549
0	1162	652	1194	678
0	335	655	423	684
0	799	656	816	683
0	595	664	621	677
0	659	693	686	717
0	1164	700	1194	718
0	356	727	373	755
0	250	758	356	789
0	857	758	889	782
0	595	761	640	790
0	959	883	976	910
0	331	891	357	904
0	813	891	842	910
0	991	917	1082	947
0	712	918	733	939
0	422	1045	543	1074
0	668	1047	696	1071
0	1060	1054	1098	1072
0	250	1080	369	1109
0	606	1080	651	1109
0	745	1082	766	1103
0	692	1118	720	1142
0	520	1124	549	1142
0	726	1246	743	1273
0	1035	1246	1062	1272
0	990	1253	1019	1271
0	352	1280	445	1309
0	857	1280	900	1309
0	735	1316	752	1343
0	934	1359	963	1377
0	562	1385	650	1414
0	669	1387	746	1410
0	1051	1394	1080	1412
0	878	1421	895	1448
0	510	1464	539	1482
0	361	1526	378	1553
0	294	1734	319	1755
