0	528	618	959	708
0	555	809	929	899
0	597	1209	887	1247
0	548	1608	942	1680
0	174	564	272	592
0	928	573	944	585
0	334	731	354	749
0	545	731	560	749
0	421	758	446	777
0	249	917	299	945
0	1194	920	1203	936
0	510	925	527	943
0	991	925	1011	943
0	905	951	939	973
0	1179	978	1306	1009
0	252	1016	362	1044
0	425	1016	556	1044
0	612	1016	716	1044
0	1253	1025	1267	1037
0	670	1046	853	1073
0	457	1051	493	1073
0	174	1159	228	1187
0	564	1168	578	1184
0	474	1275	559	1303
0	294	1309	306	1329
0	1228	1309	1244	1329
0	1003	1335	1024	1362
0	1039	1335	1060	1362
0	1077	1335	1097	1362
0	475	1341	808	1369
