0	356	461	1133	496
0	477	644	1012	679
0	486	780	1005	816
0	580	879	909	917
0	597	1131	894	1164
0	626	1234	858	1269
0	382	1495	1109	1533
0	485	1734	1006	1797
0	905	202	919	223
0	319	237	499	264
0	565	237	743	264
0	1182	270	1288	297
0	238	271	297	292
0	417	352	432	371
0	622	352	682	373
0	969	352	1142	375
0	192	385	229	407
0	326	385	368	407
0	546	385	570	405
0	651	385	863	409
0	1142	385	1199	406
0	375	534	389	553
0	750	566	803	594
0	1093	567	1105	586
0	632	601	692	622
0	384	704	426	727
0	1060	704	1097	727
0	965	840	1041	863
0	505	941	665	969
0	703	942	752	970
0	586	990	601	1009
0	880	990	937	1011
0	1207	990	1264	1011
0	297	1022	311	1041
0	671	1022	728	1045
0	1024	1022	1059	1045
0	374	1053	428	1081
0	300	1055	329	1078
0	902	1055	957	1076
0	267	1088	282	1107
0	1003	1088	1060	1110
0	1119	1088	1154	1110
0	486	1191	514	1214
0	460	1294	509	1321
0	1250	1294	1264	1313
0	353	1327	427	1354
0	1205	1327	1264	1348
0	869	1358	884	1378
0	1198	1361	1257	1382
0	705	1403	955	1432
0	372	1408	401	1430
0	537	1438	667	1466
0	341	1440	390	1467
0	294	1550	347	1571
0	1212	1550	1264	1571
0	244	1664	281	1691
0	364	1664	423	1685
0	543	1696	603	1717
