0	523	629	928	698
0	571	876	871	980
0	393	1112	1060	1263
0	431	1555	1026	1628
0	860	268	995	296
0	576	277	599	293
0	640	277	661	293
0	565	311	599	332
0	627	311	661	332
0	917	313	937	332
0	690	314	831	334
0	565	352	599	372
0	627	352	661	372
0	917	353	937	372
0	690	354	831	374
0	565	390	599	411
0	627	390	661	411
0	917	393	937	412
0	690	394	831	414
0	565	430	599	450
0	627	430	661	450
0	917	431	937	450
0	690	433	831	452
0	716	586	796	614
0	286	586	344	613
0	587	711	663	740
0	927	715	952	734
0	548	756	622	777
0	438	995	510	1016
0	755	1025	1088	1067
0	1104	1027	1178	1057
0	577	1035	649	1056
0	902	1274	934	1304
0	345	1276	530	1305
0	791	1312	897	1345
0	828	1361	900	1382
0	382	1714	481	1736
