0	523	209	964	272
0	467	516	1019	607
0	607	794	878	832
0	233	908	1189	997
0	316	1082	1172	1231
0	434	1380	1048	1415
0	215	325	235	348
0	882	437	914	457
0	881	467	958	495
0	226	637	245	660
0	714	637	839	661
0	570	638	601	657
0	262	644	282	662
0	678	644	698	662
0	609	849	740	886
0	433	850	547	886
0	250	1026	397	1056
0	226	1268	242	1280
0	580	1328	598	1347
0	659	1328	687	1347
0	649	1441	856	1473
0	529	1446	633	1475
0	1113	1447	1261	1471
0	252	1454	266	1472
0	174	1479	334	1508
0	481	1509	578	1538
0	1136	1509	1318	1540
0	766	1514	893	1538
0	909	1514	1052	1538
0	174	1542	320	1573
0	461	1542	623	1572
