0	653	569	806	606
0	564	803	896	884
0	514	1005	944	1068
0	267	1195	1191	1279
0	611	1383	843	1439
0	500	1634	958	1720
0	486	1787	974	1853
0	1246	500	1269	522
0	357	525	380	552
0	559	632	582	661
0	637	635	660	662
0	207	637	383	661
0	138	693	189	719
0	972	900	1085	924
0	668	902	694	923
0	1192	907	1206	919
0	500	929	773	953
0	1243	931	1317	958
0	947	959	970	988
0	1026	960	1049	987
0	138	1150	203	1174
0	679	1304	702	1333
0	761	1308	784	1334
0	1022	1490	1319	1522
0	274	1496	304	1514
0	657	1496	688	1514
0	590	1524	613	1547
0	1086	1526	1125	1559
0	913	1531	978	1558
0	431	1538	444	1553
0	207	1880	326	1901
