0	588	555	851	695
0	595	1042	850	1207
0	480	1589	963	1735
0	333	322	420	351
0	974	323	1080	349
0	250	367	271	380
0	826	395	856	416
0	516	462	573	485
0	420	497	477	521
0	335	717	505	744
0	816	749	893	779
0	397	752	413	773
0	478	760	496	772
0	864	783	1147	814
0	664	784	799	814
0	579	820	621	843
0	832	820	1187	850
0	250	855	292	878
0	408	855	521	878
0	587	855	803	885
0	825	857	855	878
0	371	891	409	913
0	716	892	746	913
0	491	927	521	948
0	775	934	790	947
0	665	960	722	983
0	465	1355	529	1379
0	333	1462	460	1494
0	1048	1464	1069	1485
