0	418	565	1035	642
0	509	787	938	960
0	376	1097	1074	1189
0	652	1296	801	1356
0	510	1397	942	1469
0	431	1521	1012	1690
0	582	261	627	297
0	985	268	1033	297
0	999	348	1061	370
0	476	470	490	488
0	289	669	310	689
0	332	669	352	689
0	375	669	396	689
0	465	669	485	689
0	1093	676	1107	688
0	882	707	955	736
0	1018	707	1091	736
0	510	970	874	1003
0	1219	974	1243	998
0	260	1013	284	1037
0	1102	1020	1116	1038
0	267	1224	291	1242
0	349	1224	373	1242
0	620	1710	950	1739
0	1041	1710	1248	1739
0	208	1743	336	1772
0	387	1743	711	1772
