0	209	286	1169	385
0	567	473	875	523
0	576	661	862	698
0	199	959	1179	1057
0	642	1353	802	1399
0	625	1463	811	1510
0	705	600	724	621
0	260	738	451	769
0	521	738	559	768
0	1246	740	1265	761
0	794	782	922	803
0	662	789	677	803
0	244	905	283	934
0	519	914	545	934
0	260	1088	325	1117
0	1202	1088	1265	1117
0	1103	1090	1123	1111
0	662	1130	756	1160
0	283	1181	309	1200
0	322	1253	430	1283
0	800	1253	842	1283
0	555	1295	595	1324
0	1164	1542	1182	1558
0	206	1594	461	1624
0	938	1601	1015	1623
0	548	1608	574	1622
0	277	1634	295	1650
0	382	1634	400	1650
0	1114	1659	1205	1681
0	420	1662	439	1678
