0	402	251	1055	424
0	457	558	998	797
0	577	935	874	965
0	454	1400	1003	1637
0	281	173	385	200
0	399	173	580	200
0	431	202	871	230
0	283	214	300	226
0	281	479	385	506
0	399	479	580	506
0	431	510	986	538
0	283	519	300	531
0	281	849	385	877
0	399	849	580	877
0	431	883	1100	911
0	283	891	300	903
0	937	1090	990	1118
0	332	1091	385	1118
0	420	1125	506	1148
0	1026	1219	1178	1243
0	1193	1219	1278	1243
0	518	1250	588	1278
0	169	1252	254	1276
0	1012	1252	1050	1276
0	1062	1252	1099	1276
0	643	1346	854	1379
0	923	1350	1071	1378
