0	573	1421	866	1501
0	672	316	687	334
0	303	340	344	368
0	501	373	528	394
0	976	403	1003	424
0	760	461	787	482
0	1104	461	1132	482
0	790	490	817	511
0	990	797	1005	815
0	693	978	708	989
0	303	1036	319	1047
0	730	1060	744	1078
0	622	1085	658	1113
0	411	1088	426	1106
0	373	1123	388	1135
0	600	1175	634	1193
0	648	1258	733	1286
0	967	1268	983	1280
0	395	1318	427	1345
0	615	1321	647	1342
0	894	1327	910	1338
0	923	1351	944	1367
0	768	1376	852	1404
0	532	1379	547	1397
0	747	1526	807	1552
0	373	1529	414	1550
0	982	1529	997	1547
0	966	1554	1007	1582
0	730	1616	745	1634
0	469	1641	510	1669
0	343	1644	377	1662
0	986	1651	1002	1663
0	956	1674	971	1692
