0	585	419	860	451
0	598	524	843	557
0	575	774	872	810
0	524	1084	917	1166
0	599	1261	842	1340
0	640	311	791	337
0	808	314	948	336
0	795	340	938	369
0	509	345	525	363
0	955	345	1132	366
0	506	371	522	393
0	962	376	972	394
0	536	482	552	500
0	737	482	749	500
0	761	584	786	605
0	801	587	934	609
0	373	643	453	670
0	738	646	753	662
0	418	676	433	692
0	1118	676	1138	694
0	701	704	717	722
0	922	846	937	858
0	596	874	617	886
0	513	898	530	916
0	569	928	631	946
0	338	956	353	974
0	743	956	758	974
0	1068	985	1084	1003
0	985	1010	1065	1038
0	520	1216	546	1237
0	1052	1367	1069	1383
0	848	1392	867	1413
0	398	1395	418	1413
0	827	1594	846	1612
0	303	1650	329	1671
0	466	1651	561	1675
0	303	1683	322	1701
0	782	1683	801	1701
0	523	1711	543	1731
0	408	1741	427	1759
