0	619	113	938	183
0	575	254	923	320
0	544	388	953	532
0	496	840	1002	905
0	663	967	838	1025
0	620	1600	882	1635
0	697	1729	803	1764
0	187	212	240	236
0	776	214	799	232
0	400	345	417	363
0	199	545	267	574
0	207	576	295	598
0	226	687	279	711
0	937	687	990	711
0	791	717	859	735
0	906	717	974	736
0	1244	743	1297	769
0	815	771	872	797
0	1244	771	1301	797
0	615	772	632	790
0	409	800	471	816
0	669	800	686	816
0	977	1050	1217	1081
0	315	1081	366	1105
0	476	1166	493	1184
0	377	1277	395	1295
0	167	1333	237	1357
0	290	1333	361	1357
0	648	1360	720	1386
0	1024	1361	1041	1379
0	837	1387	910	1413
0	1349	1389	1367	1407
0	813	1558	885	1582
0	558	1566	573	1577
0	929	1668	944	1680
0	899	1686	926	1707
0	424	1687	472	1713
