0	559	499	878	539
0	597	845	848	883
0	384	993	1060	1045
0	511	1598	925	1638
0	941	234	971	261
0	1047	234	1079	260
0	258	243	286	261
0	823	276	857	302
0	1230	276	1265	303
0	920	317	935	345
0	420	318	452	342
0	752	356	865	386
0	979	356	1013	386
0	1239	367	1265	386
0	690	398	730	427
0	1160	399	1185	426
0	278	407	294	426
0	1000	578	1043	607
0	259	579	298	605
0	496	619	604	648
0	304	621	328	648
0	472	661	537	691
0	566	746	600	770
0	913	753	940	773
0	506	795	532	814
0	320	924	468	953
0	651	925	683	951
0	963	1064	995	1090
0	892	1272	917	1299
0	259	1280	287	1298
0	505	1354	537	1380
0	1122	1403	1147	1426
0	412	1445	437	1468
0	902	1481	994	1511
0	408	1528	431	1549
0	935	1661	1020	1693
0	1159	1702	1194	1734
0	644	1703	777	1734
0	174	1708	236	1735
