0	255	308	1240	382
0	183	430	1316	581
0	288	758	1212	840
0	172	916	1321	1073
0	496	1557	1006	1623
0	490	1704	1011	1767
0	272	137	344	155
0	130	163	182	187
0	387	192	449	210
0	600	217	657	243
0	651	243	861	272
0	423	245	471	271
0	1236	245	1284	271
0	814	615	828	633
0	362	696	410	722
0	1141	698	1158	716
0	600	732	613	744
0	130	886	198	904
0	531	1085	599	1103
0	714	1085	776	1103
0	1298	1113	1366	1131
0	1082	1139	1150	1157
0	763	1392	821	1411
0	1330	1419	1349	1437
0	404	1446	417	1464
0	700	1446	720	1464
0	973	1446	996	1464
0	781	1472	829	1498
0	1243	1472	1290	1498
0	364	1474	383	1492
0	465	1474	484	1492
0	1187	1474	1200	1492
0	130	1480	144	1492
0	279	1502	386	1523
0	813	1502	834	1524
0	614	1504	671	1523
0	199	1640	316	1669
0	546	1642	593	1666
0	842	1642	913	1666
0	1024	1642	1072	1666
