0	555	651	889	686
0	641	1594	801	1623
0	472	1684	974	1765
0	509	313	721	341
0	809	316	836	337
0	577	343	658	369
0	957	345	1011	364
0	926	371	1138	400
0	577	373	631	395
0	672	373	700	394
0	678	431	704	452
0	1125	431	1140	449
0	503	577	532	598
0	888	577	915	598
0	511	800	526	816
0	1045	800	1060	816
0	465	855	547	881
0	932	855	951	881
0	303	858	330	879
0	970	865	989	880
0	660	888	674	906
0	467	917	494	938
0	374	1050	401	1071
0	634	1191	649	1209
0	937	1191	957	1209
0	565	1221	582	1239
0	804	1250	820	1268
0	976	1278	995	1296
0	303	1280	337	1296
0	423	1280	566	1298
0	582	1284	603	1296
0	442	1301	459	1324
0	617	1306	714	1332
0	1064	1308	1080	1326
0	1117	1308	1132	1326
0	724	1343	745	1355
0	561	1367	595	1383
0	1060	1371	1089	1386
0	1064	1388	1081	1411
0	795	1395	812	1413
0	303	1401	333	1420
0	579	1401	607	1416
0	721	1423	738	1441
0	1049	1447	1066	1469
0	973	1489	1002	1508
0	924	1547	952	1561
0	900	1642	954	1661
