0	517	294	917	327
0	522	550	920	589
0	404	693	1031	724
0	472	234	489	255
0	231	370	263	394
0	174	406	279	433
0	567	448	692	479
0	759	448	889	478
0	967	453	1020	480
0	1018	627	1115	657
0	319	628	447	649
0	510	628	609	655
0	755	628	827	649
0	891	628	1009	655
0	416	763	436	784
0	1140	813	1166	832
0	300	894	316	908
0	1163	929	1184	950
0	624	936	650	956
0	418	970	443	993
0	292	1011	316	1034
0	1059	1533	1258	1560
0	760	1536	999	1560
0	310	1565	494	1583
0	769	1594	964	1612
0	306	1653	322	1669
0	753	1659	766	1671
