0	846	1325	1289	1397
0	978	1465	1163	1528
0	854	1717	1287	1772
0	1036	288	1085	310
0	598	339	636	361
0	960	339	1009	361
0	263	390	313	412
0	369	390	407	412
0	922	390	1161	412
0	968	414	1228	441
0	983	698	1035	722
0	318	712	347	736
0	1306	727	1359	753
0	614	739	654	765
0	304	770	721	796
0	1006	786	1058	810
0	598	806	611	822
0	215	834	228	850
0	130	857	170	881
0	229	857	268	881
0	887	901	939	925
0	454	1002	720	1028
0	429	1030	482	1056
0	598	1060	638	1086
0	410	1088	462	1114
0	890	1164	948	1182
0	935	1192	987	1216
0	1319	1222	1359	1246
0	425	1234	477	1258
0	770	1250	909	1274
0	315	1264	355	1288
0	970	1280	1022	1306
0	130	1384	424	1413
0	300	1474	352	1500
0	677	1504	717	1528
0	228	1562	280	1586
0	1218	1614	1366	1638
0	547	1627	599	1651
0	570	1657	610	1681
