0	275	275	1089	314
0	662	694	778	730
0	480	1599	948	1645
0	653	357	692	378
0	750	399	789	420
0	799	399	838	420
0	847	399	886	420
0	983	399	1007	420
0	1225	586	1261	609
0	676	589	692	610
0	460	590	499	611
0	499	625	535	653
0	229	630	252	651
0	936	632	975	653
0	1173	773	1212	794
0	1126	774	1165	795
0	1223	774	1262	795
0	263	816	287	837
0	902	902	973	939
0	1106	968	1165	997
0	223	1053	282	1082
0	230	1137	289	1167
0	930	1137	990	1167
0	701	1179	760	1209
0	783	1454	799	1481
0	390	1538	461	1567
0	469	1539	485	1560
