0	334	260	1099	310
0	424	419	1013	500
0	563	703	871	734
0	634	1009	804	1042
0	488	1107	944	1181
0	333	1241	1149	1354
0	491	1400	945	1441
0	263	1550	1170	1719
0	256	343	296	364
0	362	343	411	364
0	449	370	547	407
0	759	378	783	399
0	535	519	594	548
0	924	528	948	546
0	1006	528	1031	546
0	610	560	647	583
0	718	570	750	588
0	813	570	845	588
0	545	603	624	633
0	746	850	805	879
0	648	886	746	922
0	812	886	910	922
0	281	936	490	962
0	553	936	762	962
0	476	1081	494	1094
0	621	1201	642	1222
0	757	1516	775	1529
