0	440	316	524	345
0	573	316	683	345
0	800	316	883	345
0	713	329	733	343
0	210	368	369	396
0	603	465	773	501
0	1210	517	1222	541
0	331	521	354	542
0	1160	524	1195	546
0	1153	568	1165	592
0	735	570	820	599
0	1104	575	1139	597
0	946	671	1032	701
0	206	773	243	802
0	294	875	379	904
0	765	977	916	1007
0	801	1283	953	1312
0	676	1434	689	1458
0	1115	1435	1200	1465
0	626	1439	660	1461
0	648	1537	733	1567
0	244	1588	329	1618
0	425	1588	488	1618
0	1135	1588	1198	1618
0	770	1639	841	1669
0	879	1639	916	1669
0	449	1652	461	1665
0	360	1688	372	1711
0	575	1690	638	1719
0	675	1690	739	1719
0	776	1690	813	1719
