0	349	858	1139	902
0	449	1269	1037	1310
0	239	180	520	209
0	533	183	556	204
0	433	227	616	263
0	375	240	414	261
0	1223	331	1308	361
0	1244	382	1307	412
0	620	427	725	467
0	558	482	597	513
0	1129	484	1214	513
0	174	584	231	614
0	276	584	329	614
0	1198	587	1237	615
0	888	637	973	666
0	733	739	818	768
0	970	788	1069	820
0	728	945	774	975
0	1272	949	1309	978
0	359	996	399	1026
0	1015	999	1052	1029
0	670	1051	707	1080
0	1164	1051	1307	1080
0	455	1052	478	1073
0	903	1101	966	1131
0	277	1150	289	1173
0	228	1156	262	1177
0	223	1202	353	1232
0	400	1202	437	1232
0	491	1410	545	1440
0	974	1410	1031	1440
0	334	1413	371	1434
0	816	1413	854	1434
0	632	1461	652	1491
0	468	1464	505	1485
0	355	1505	538	1546
0	1030	1514	1093	1543
0	846	1563	898	1587
0	353	1616	416	1645
0	174	1662	504	1699
