0	405	235	1074	534
0	537	558	587	588
0	1244	558	1307	588
0	1153	606	1207	642
0	741	660	804	689
0	216	709	303	740
0	174	758	382	794
0	723	758	865	794
0	745	809	844	841
0	495	860	579	892
0	986	864	1071	893
0	623	911	760	943
0	420	966	470	995
0	791	966	867	995
0	970	1012	1128	1045
0	259	1016	322	1046
0	771	1118	834	1148
0	548	1219	633	1248
0	1228	1222	1309	1243
0	276	1429	356	1457
0	757	1514	794	1543
0	409	1515	496	1542
0	521	1565	596	1594
0	820	1565	884	1594
0	921	1565	989	1594
0	1025	1565	1101	1594
0	327	1616	402	1645
0	577	1664	597	1688
0	701	1666	738	1696
0	1005	1666	1042	1696
0	555	1671	571	1687
0	327	1717	501	1747
0	809	1727	835	1745
0	524	1765	631	1797
0	752	1768	882	1798
