0	587	531	848	576
0	557	1081	876	1126
0	651	456	711	485
0	687	596	746	627
0	416	598	589	628
0	1217	635	1253	663
0	754	638	790	661
0	853	638	913	676
0	254	640	313	670
0	1148	681	1185	704
0	627	683	698	712
0	678	727	760	749
0	174	765	261	795
0	978	766	1252	795
0	1037	807	1140	834
0	486	849	516	873
0	784	934	872	965
0	389	979	479	1000
0	258	1161	346	1192
0	970	1163	1041	1192
0	1104	1199	1140	1227
0	390	1202	426	1226
0	490	1202	578	1240
0	174	1554	213	1575
0	222	1554	261	1575
0	272	1554	311	1575
0	417	1554	441	1575
0	646	1635	705	1665
