0	508	328	533	349
0	896	328	920	349
0	540	413	565	434
0	750	413	774	434
0	435	538	506	567
0	513	539	529	560
0	823	539	839	560
0	846	539	885	560
0	1068	539	1094	560
0	1101	539	1140	560
0	926	582	950	603
0	1037	624	1076	645
0	391	666	430	687
0	907	666	946	687
0	239	749	263	770
0	398	792	437	813
0	446	792	485	813
0	375	918	400	939
0	223	960	262	981
0	273	960	312	981
0	427	960	466	981
0	475	960	514	981
0	612	960	636	981
0	377	1045	416	1066
0	427	1045	466	1066
0	1175	1045	1199	1066
0	677	1087	716	1108
0	724	1087	763	1108
0	1069	1256	1108	1277
0	1116	1256	1155	1277
0	524	1296	711	1325
0	776	1296	846	1325
0	258	1338	335	1367
0	844	1422	1092	1452
0	780	1551	805	1572
