0	315	498	547	533
0	236	935	622	964
0	867	985	1271	1012
0	236	1513	625	1577
0	198	1693	662	1757
0	770	260	846	284
0	1161	260	1214	284
0	524	260	543	282
0	446	288	465	306
0	582	317	610	338
0	667	317	697	338
0	492	345	546	366
0	247	372	266	388
0	321	372	340	393
0	373	400	391	421
0	683	400	702	418
0	457	428	484	449
0	540	428	570	450
0	1074	445	1150	471
0	436	456	573	480
0	854	473	1018	497
0	463	557	481	573
0	540	557	559	578
0	555	611	574	633
0	1205	618	1297	642
0	1109	646	1144	668
0	578	668	597	686
0	712	729	728	741
0	1150	840	1359	866
0	362	891	375	912
0	1240	898	1276	920
0	770	1107	806	1129
0	399	1142	662	1166
0	130	1198	204	1222
0	566	1198	719	1219
0	351	1199	456	1217
0	470	1200	551	1221
0	480	1225	561	1246
0	891	1229	901	1241
0	393	1253	727	1277
0	241	1394	332	1418
0	585	1394	721	1415
0	518	1429	534	1441
0	241	1448	359	1474
0	454	1448	478	1468
0	555	1448	650	1474
0	200	1602	223	1620
0	561	1611	573	1623
0	400	1628	540	1654
0	595	1628	721	1654
0	318	1636	334	1648
0	329	1808	343	1827
