0	331	278	1155	343
0	589	574	897	640
0	215	815	1231	892
0	622	970	863	1035
0	222	1569	1208	1639
0	242	180	314	209
0	337	180	374	209
0	1113	180	1150	209
0	991	182	1010	203
0	966	227	1009	259
0	458	231	503	260
0	214	232	244	253
0	351	371	394	403
0	742	371	986	407
0	439	427	473	448
0	882	474	1034	504
0	517	527	535	548
0	1047	670	1071	691
0	476	771	548	801
0	569	771	606	801
0	256	915	341	953
0	744	922	789	952
0	534	1057	660	1095
0	894	1067	1105	1090
0	1238	1118	1256	1139
0	428	1217	465	1246
0	777	1217	965	1246
0	1003	1217	1104	1246
0	1139	1217	1243	1246
0	1263	1217	1300	1246
0	477	1268	1089	1298
0	1192	1270	1330	1292
0	388	1319	574	1348
0	174	1321	243	1343
0	297	1369	378	1399
0	1092	1372	1301	1394
0	712	1420	1238	1450
0	174	1464	300	1502
0	638	1474	849	1496
0	455	1668	669	1691
