0	608	756	837	788
0	622	1022	815	1138
0	544	1189	903	1244
0	580	1329	856	1466
0	519	1728	924	1765
0	767	369	858	387
0	365	427	386	445
0	544	484	565	502
0	853	574	915	589
0	972	578	1043	592
0	496	601	580	617
0	925	666	940	677
0	945	808	973	835
0	303	812	331	834
0	832	817	853	832
0	918	838	1013	859
0	393	840	421	862
0	303	896	422	923
0	357	934	372	945
0	606	934	621	945
0	332	957	404	979
0	461	957	549	979
0	935	1270	950	1282
0	539	1300	555	1315
0	894	1506	987	1530
0	719	1514	731	1526
0	558	1565	642	1583
0	330	1572	345	1584
0	923	1619	969	1640
0	1125	1631	1140	1642
0	438	1649	487	1670
0	722	1649	768	1670
0	893	1659	908	1670
0	383	1677	431	1699
0	712	1677	758	1699
0	990	1688	1006	1700
0	303	1707	352	1728
