0	615	507	831	572
0	525	801	921	839
0	622	1168	825	1241
0	643	289	875	320
0	930	293	1000	315
0	510	301	531	314
0	795	325	886	348
0	627	327	644	355
0	287	328	310	349
0	1130	335	1150	348
0	465	361	488	382
0	556	361	573	388
0	927	396	950	417
0	561	403	582	416
0	287	429	315	450
0	366	457	391	486
0	366	590	415	620
0	733	590	898	620
0	990	592	1152	622
0	617	593	665	621
0	891	626	1046	655
0	464	627	481	654
0	797	635	817	648
0	644	658	661	693
0	702	666	719	693
0	353	696	552	727
0	287	729	368	764
0	811	739	883	760
0	461	746	476	766
0	915	851	985	888
0	674	858	832	887
0	324	893	341	921
0	832	894	867	915
0	323	994	483	1024
0	688	995	717	1016
0	657	1028	752	1057
0	802	1029	837	1050
0	368	1259	391	1280
0	744	1357	781	1383
0	926	1393	1042	1423
0	694	1633	729	1654
0	647	1665	790	1694
0	715	1729	754	1742
0	715	1753	754	1766
0	601	1814	615	1827
