0	366	388	1111	425
0	444	604	1037	665
0	462	806	1026	849
0	463	966	1020	1004
0	473	1318	1015	1365
0	508	1713	980	1800
0	349	316	464	346
0	1184	471	1300	501
0	829	473	849	500
0	562	480	580	493
0	260	687	380	717
0	1005	688	1026	717
0	969	698	985	717
0	702	741	744	767
0	241	891	286	917
0	800	903	832	924
0	1235	1046	1308	1078
0	609	1052	635	1073
0	174	1096	424	1129
0	761	1098	787	1122
0	668	1099	697	1122
0	1041	1103	1066	1130
0	959	1110	977	1123
0	1014	1149	1040	1173
0	917	1150	945	1173
0	839	1154	865	1175
0	1000	1410	1020	1437
0	923	1418	941	1430
0	1139	1461	1221	1482
0	1176	1611	1308	1641
0	630	1614	648	1635
0	911	1614	930	1641
0	992	1616	1002	1635
0	876	1620	894	1633
