0	478	300	1008	477
0	608	667	875	742
0	470	1019	1015	1074
0	274	1247	1211	1323
0	475	1506	1014	1543
0	259	184	637	213
0	783	193	941	212
0	1015	216	1256	249
0	174	251	441	284
0	321	500	341	521
0	1181	500	1220	524
0	1062	535	1080	556
0	1118	535	1138	556
0	1198	568	1313	597
0	831	578	845	590
0	477	603	597	633
0	1113	603	1234	633
0	262	606	279	627
0	859	613	874	632
0	304	641	328	662
0	700	765	716	785
0	932	800	948	820
0	360	826	434	855
0	1160	826	1209	856
0	500	829	577	856
0	784	829	959	852
0	712	864	729	885
0	1149	872	1166	891
0	481	899	505	920
0	809	899	848	925
0	591	931	681	962
0	1046	1130	1058	1153
0	604	1423	643	1449
0	174	1458	191	1479
0	333	1458	349	1479
0	447	1458	463	1479
0	254	1573	277	1594
0	491	1573	571	1600
