0	511	310	935	433
0	581	1116	915	1350
0	470	1375	986	1450
0	404	1581	1052	1660
0	1064	276	1094	305
0	1160	276	1188	305
0	412	446	426	473
0	1025	446	1055	475
0	1120	446	1149	475
0	174	488	204	517
0	271	488	299	517
0	784	488	815	517
0	1142	488	1171	517
0	715	530	729	557
0	521	569	551	592
0	797	569	874	598
0	273	653	359	682
0	577	656	608	685
0	902	656	931	685
0	174	695	269	728
0	441	698	478	727
0	757	698	792	727
0	356	782	370	810
0	1075	822	1188	851
0	691	865	798	893
0	174	909	223	935
0	745	917	762	930
0	871	1034	950	1063
0	614	1077	689	1106
0	976	1463	1149	1492
0	244	1469	441	1492
0	511	1469	705	1492
0	1079	1505	1163	1534
0	507	1514	600	1527
0	826	1676	924	1705
0	578	1678	670	1707
0	664	1722	830	1748
0	295	1761	408	1790
