0	435	379	1009	451
0	629	504	815	573
0	664	642	781	711
0	450	860	1046	1036
0	450	1182	994	1227
0	443	1312	1047	1478
0	395	1668	1046	1740
0	618	321	704	347
0	289	590	321	613
0	288	741	383	767
0	293	814	312	841
0	835	1062	1066	1103
0	505	1068	701	1101
0	511	1105	650	1159
0	961	1258	1030	1286
0	1086	1494	1194	1530
0	839	1497	978	1533
0	1032	1497	1067	1518
0	510	1498	571	1527
0	250	1530	340	1565
0	638	1536	669	1560
0	689	1536	893	1571
0	391	1538	426	1567
0	947	1538	978	1567
0	997	1538	1093	1567
0	446	1540	585	1576
0	1148	1547	1187	1565
0	250	1576	343	1605
0	443	1576	537	1605
0	691	1576	782	1605
0	1127	1580	1188	1608
0	389	1585	427	1604
0	584	1585	622	1604
0	828	1585	864	1604
