0	445	437	996	472
0	501	652	948	691
0	589	751	860	790
0	521	849	930	895
0	324	1131	1116	1167
0	430	1266	1018	1298
0	302	1363	1145	1443
0	531	1738	919	1830
0	366	490	436	514
0	552	523	633	554
0	967	524	1030	554
0	319	527	343	548
0	497	621	511	634
0	554	809	608	833
0	369	917	435	937
0	671	969	695	990
0	643	1190	667	1211
0	655	1318	735	1342
0	505	1323	532	1344
0	575	1542	635	1568
0	1061	1547	1096	1568
0	1119	1581	1158	1607
0	287	1589	300	1601
0	536	1610	596	1634
0	342	1615	372	1641
0	898	1615	1054	1641
0	503	1702	569	1722
