0	602	498	842	529
0	597	1028	844	1101
0	602	1234	842	1265
0	1122	319	1160	355
0	643	322	685	351
0	322	323	338	344
0	817	391	846	414
0	561	395	597	424
0	997	430	1068	450
0	542	437	558	450
0	994	551	1091	573
0	612	618	719	649
0	795	658	903	679
0	567	762	604	791
0	1082	762	1132	791
0	375	830	490	861
0	571	831	608	860
0	951	865	1193	896
0	623	900	730	930
0	880	935	979	965
0	627	1287	746	1313
0	997	1287	1034	1316
0	789	1324	865	1344
0	935	1355	1042	1385
0	965	1590	1002	1619
0	703	1625	739	1654
0	667	1728	729	1759
