0	474	308	959	484
0	440	880	1040	941
0	517	1011	915	1098
0	647	1505	831	1540
0	611	1565	866	1598
0	671	1614	811	1647
0	1138	225	1177	248
0	837	228	860	248
0	992	235	1004	247
0	668	260	752	288
0	569	538	594	557
0	627	570	648	589
0	1123	570	1148	589
0	803	601	887	629
0	305	603	328	622
0	1026	636	1049	655
0	1116	668	1257	696
0	627	703	648	722
0	286	766	558	794
0	1007	801	1032	820
0	285	1123	324	1151
0	438	1123	515	1144
0	833	1130	845	1142
0	1026	1156	1065	1184
0	690	1157	729	1184
0	483	1190	507	1210
0	568	1190	588	1210
0	453	1223	488	1246
0	754	1223	789	1246
0	853	1223	889	1246
0	906	1223	979	1247
0	727	1255	784	1282
0	531	1256	570	1284
0	517	1386	725	1414
0	654	1419	1052	1447
0	444	1420	483	1447
