0	510	826	938	865
0	508	988	939	1031
0	571	1091	879	1129
0	419	1257	1082	1387
0	420	1437	1081	1602
0	369	1761	1130	1832
0	718	429	888	458
0	947	650	982	671
0	1137	656	1152	669
0	353	679	493	709
0	651	685	717	706
0	1142	724	1159	737
0	344	758	360	771
0	982	758	1044	771
0	694	789	763	809
0	401	882	429	906
0	954	884	970	905
0	644	915	728	941
0	513	926	534	939
0	319	949	371	975
0	902	950	1121	979
0	1000	1046	1087	1083
0	369	1050	511	1077
0	636	1051	677	1075
0	806	1152	1047	1182
0	396	1154	413	1181
0	768	1183	796	1207
0	870	1188	886	1209
0	287	1229	307	1242
0	484	1403	550	1423
0	1086	1617	1114	1641
0	718	1619	872	1649
0	532	1662	553	1675
