0	551	662	917	739
0	479	1155	989	1230
0	458	1310	1009	1387
0	1229	132	1322	159
0	330	158	377	186
0	621	159	637	189
0	274	216	333	245
0	1288	216	1319	237
0	130	246	181	268
0	689	249	705	278
0	758	249	784	278
0	375	252	391	273
0	253	303	314	332
0	589	335	615	365
0	130	336	146	365
0	386	367	401	385
0	1210	373	1224	384
0	573	390	589	419
0	739	422	764	451
0	244	425	259	443
0	402	509	419	527
0	599	509	614	527
0	712	565	771	584
0	1117	565	1131	583
0	986	567	1044	583
0	844	572	858	583
0	821	617	837	647
0	891	617	917	647
0	337	753	385	777
0	1016	755	1075	771
0	883	761	897	772
0	703	809	763	827
0	547	811	606	827
0	677	835	725	861
0	570	863	672	884
0	330	891	368	912
0	1104	973	1203	1004
0	544	978	602	993
0	200	1003	250	1027
0	1011	1003	1061	1027
0	774	1004	789	1022
0	1137	1011	1151	1023
0	130	1034	143	1050
0	483	1034	546	1052
0	1046	1038	1062	1050
0	200	1062	258	1080
0	704	1067	720	1079
0	837	1088	852	1106
0	1048	1122	1064	1134
0	837	1274	851	1292
0	1191	1430	1219	1451
0	1339	1458	1367	1479
0	745	1487	773	1508
0	365	1512	476	1533
0	909	1514	937	1535
0	228	1565	410	1595
