0	523	412	923	467
0	433	521	1013	577
0	434	1026	1009	1105
0	402	1329	1040	1428
0	496	1500	949	1599
0	1170	325	1196	346
0	548	360	571	381
0	697	360	720	381
0	334	630	358	651
0	250	632	271	653
0	463	673	486	691
0	548	673	574	691
0	619	702	640	723
0	710	702	734	723
0	431	835	609	861
0	533	928	556	956
0	447	935	470	956
0	1117	935	1140	956
0	315	970	338	991
0	401	970	432	991
0	760	1140	783	1161
0	1089	1140	1110	1161
0	1172	1140	1196	1161
0	634	1170	657	1198
0	250	1174	330	1203
0	546	1176	567	1197
0	733	1247	757	1268
0	1019	1247	1042	1268
0	965	1453	986	1474
0	455	1624	478	1645
0	250	1693	287	1714
0	660	1693	683	1714
0	895	1693	1194	1719
0	250	1728	481	1754
