0	511	918	971	951
0	268	317	341	338
0	896	422	975	443
0	872	457	909	486
0	997	678	1092	702
0	268	813	331	844
0	944	823	959	842
0	301	850	315	877
0	268	886	306	907
0	627	1004	854	1034
0	1138	1004	1214	1033
0	268	1007	303	1035
0	364	1007	398	1034
0	486	1039	565	1069
0	360	1042	419	1071
0	666	1042	702	1071
0	532	1077	566	1105
0	742	1105	776	1142
0	333	1113	403	1133
0	576	1148	647	1168
0	301	1182	380	1203
0	1097	1217	1134	1246
0	1068	1252	1104	1281
0	826	1285	888	1315
0	1080	1285	1159	1314
0	268	1289	283	1309
0	268	1320	344	1350
0	727	1320	807	1350
0	875	1320	951	1350
0	558	1355	621	1386
0	683	1389	714	1412
0	950	1389	1034	1416
