0	375	259	1024	340
0	327	353	1077	436
0	323	681	1079	755
0	310	891	1089	1094
0	260	1304	1140	1507
0	476	171	578	201
0	902	173	926	194
0	478	205	684	234
0	427	208	458	232
0	989	454	1027	483
0	421	489	519	518
0	1165	498	1191	518
0	375	560	407	586
0	174	593	378	624
0	259	775	278	798
0	395	775	430	801
0	478	775	513	801
0	581	775	608	796
0	354	808	433	837
0	814	1115	1013	1145
0	260	1116	804	1145
0	1194	1125	1225	1143
0	801	1152	878	1181
0	800	1183	975	1216
0	1034	1183	1226	1216
0	363	1531	395	1555
0	510	1565	582	1586
0	745	1565	831	1586
0	601	1566	670	1586
0	851	1566	920	1586
0	802	1600	833	1624
0	174	1634	227	1664
0	442	1634	496	1664
