0	895	322	960	351
0	250	360	278	387
0	541	360	567	387
0	870	367	894	387
0	349	395	379	416
0	671	395	698	416
0	607	430	630	451
0	360	465	381	486
0	815	465	881	491
0	250	570	273	591
0	411	606	434	627
0	765	673	823	703
0	319	676	343	697
0	401	676	431	703
0	727	676	748	697
0	838	676	861	697
0	876	676	895	697
0	985	676	1022	697
0	911	684	926	703
0	1081	709	1126	739
0	648	781	669	802
0	1026	816	1049	837
0	1115	816	1145	842
0	450	851	473	872
0	1066	851	1108	878
0	1117	851	1159	878
0	425	884	455	913
0	250	886	285	907
0	1113	1027	1131	1048
0	250	1028	378	1048
0	665	1028	793	1048
0	1064	1061	1194	1083
0	737	1096	772	1118
0	250	1165	295	1194
0	631	1165	661	1194
0	250	1716	279	1746
