0	413	376	1030	459
0	447	738	997	821
0	407	1153	1039	1234
0	481	1360	966	1398
0	469	1585	978	1629
0	523	325	550	346
0	800	325	823	346
0	509	587	672	610
0	961	652	984	673
0	571	848	594	872
0	965	852	988	873
0	250	854	259	874
0	353	888	376	909
0	682	923	703	944
0	311	1020	526	1047
0	351	1063	374	1084
0	750	1063	773	1084
0	712	1307	735	1328
0	587	1426	610	1452
0	981	1461	1002	1485
0	899	1498	954	1528
0	1157	1507	1184	1528
0	1184	1660	1194	1680
0	972	1667	997	1685
0	398	1694	421	1715
0	678	1729	702	1750
0	766	1729	790	1750
