0	410	327	1012	399
0	272	662	1152	726
0	586	860	842	901
0	567	1002	855	1058
0	539	1128	890	1191
0	455	1299	967	1365
0	501	1421	921	1477
0	282	1543	1142	1637
0	732	135	887	159
0	569	414	618	442
0	793	414	843	442
0	307	416	469	443
0	127	448	287	477
0	465	448	603	477
0	127	481	176	509
0	1237	481	1298	509
0	344	752	463	776
0	580	780	641	809
0	699	780	768	809
0	808	925	835	947
0	1284	935	1299	947
0	436	1086	456	1106
0	1060	1253	1076	1265
0	1024	1661	1074	1689
0	1136	1661	1198	1689
0	889	1693	957	1722
