0	484	548	964	579
0	999	367	1026	387
0	1042	367	1069	387
0	825	403	853	422
0	620	437	647	457
0	455	507	471	520
0	424	612	440	625
0	1159	612	1186	632
0	734	647	751	660
0	771	672	1135	703
0	443	684	470	703
0	393	707	428	730
0	1112	709	1196	739
0	824	719	850	738
0	820	744	858	774
0	920	778	962	807
0	679	780	872	809
0	595	813	637	837
0	488	814	546	844
0	777	820	1021	842
0	357	849	385	872
0	640	849	1195	879
0	579	893	606	913
0	928	965	944	977
0	703	1000	719	1012
0	1167	1024	1195	1048
0	763	1095	791	1118
0	529	1130	558	1159
0	963	1238	982	1259
0	922	1281	938	1294
0	408	1307	443	1336
0	774	1307	809	1336
0	1169	1307	1196	1329
0	480	1342	673	1371
0	802	1342	844	1371
0	1147	1377	1202	1399
0	849	1386	899	1406
0	250	1412	324	1434
0	982	1415	1110	1434
0	723	1480	787	1509
