0	666	555	818	581
0	389	1485	1089	1523
0	954	311	977	343
0	497	314	556	344
0	864	317	887	344
0	1143	319	1158	339
0	523	351	599	380
0	268	352	289	373
0	439	354	476	375
0	361	380	384	413
0	845	386	924	415
0	268	388	292	415
0	600	388	620	409
0	777	388	792	408
0	268	421	347	450
0	622	421	719	450
0	1011	421	1087	450
0	681	456	778	485
0	843	456	938	485
0	490	490	585	520
0	311	621	390	642
0	268	724	490	753
0	327	900	559	929
0	971	902	1058	923
0	463	937	547	958
0	873	937	957	958
0	627	1003	729	1038
0	1030	1005	1090	1034
0	305	1040	537	1069
0	359	1079	374	1098
0	984	1079	999	1099
0	423	1147	650	1176
0	1109	1180	1205	1215
0	597	1218	681	1239
0	1178	1218	1215	1247
0	918	1247	952	1283
0	1013	1251	1055	1281
0	817	1253	851	1282
0	435	1289	455	1310
0	577	1290	591	1310
0	521	1296	538	1315
0	867	1324	949	1345
0	902	1354	1104	1387
0	379	1359	464	1380
0	1178	1359	1215	1388
0	268	1360	364	1381
0	601	1393	683	1423
