0	348	202	1125	325
0	259	343	1213	409
0	244	447	1225	618
0	232	792	1237	890
0	532	636	594	666
0	1237	706	1249	729
0	436	942	768	977
0	618	985	639	1006
0	534	993	548	1005
0	817	1019	891	1040
0	509	1053	620	1076
0	360	1087	452	1115
0	671	1090	694	1111
0	832	1119	919	1154
0	1176	1125	1197	1146
0	576	1161	600	1182
0	1226	1196	1249	1217
0	774	1298	1184	1330
0	991	1335	1193	1368
0	535	1364	1239	1397
0	263	1364	406	1399
0	509	1405	639	1427
0	992	1406	1033	1435
0	766	1439	882	1471
0	520	1472	1163	1506
0	373	1485	389	1497
0	932	1509	1155	1544
0	413	1550	430	1571
0	720	1550	791	1576
0	468	1551	510	1580
0	228	1615	445	1650
0	477	1628	560	1646
0	523	1650	817	1688
0	1154	1664	1239	1682
0	936	1688	1024	1723
