0	343	849	1207	1018
0	507	1532	1043	1649
0	981	706	1097	743
0	1106	706	1245	742
0	1124	749	1291	789
0	481	752	522	787
0	1197	1046	1224	1069
0	763	1085	890	1125
0	959	1087	1084	1117
0	651	1096	670	1111
0	1181	1096	1200	1111
0	676	1130	708	1166
0	1213	1173	1310	1208
0	734	1182	753	1197
0	390	1215	476	1243
0	250	1216	303	1252
0	1133	1216	1165	1252
0	537	1258	622	1286
0	968	1258	1195	1294
0	1215	1258	1300	1286
0	425	1263	517	1296
0	883	1301	969	1329
0	579	1302	798	1338
0	250	1350	345	1383
0	1271	1445	1300	1466
