0	473	312	1058	637
0	523	907	923	963
0	464	1511	980	1546
0	444	661	472	685
0	514	696	543	714
0	927	723	1037	755
0	390	735	418	751
0	611	826	702	846
0	725	828	914	850
0	938	833	1115	851
0	328	866	465	882
0	480	866	620	882
0	681	992	779	1022
0	834	997	925	1021
0	824	1030	911	1054
0	701	1062	938	1090
0	864	1096	959	1124
0	430	1163	458	1187
0	984	1163	1012	1187
0	550	1202	578	1218
0	658	1202	684	1220
0	320	1294	348	1318
0	1041	1294	1071	1318
0	589	1324	690	1356
0	320	1335	349	1353
0	380	1355	540	1388
0	611	1361	709	1381
