0	540	1007	938	1080
0	847	351	910	381
0	567	352	587	373
0	627	354	642	374
0	892	457	908	478
0	665	492	730	515
0	676	524	717	554
0	926	525	991	555
0	581	527	602	548
0	722	561	764	590
0	1143	570	1161	589
0	404	600	419	620
0	677	627	700	659
0	1150	632	1213	662
0	588	633	611	660
0	754	669	791	698
0	364	732	387	764
0	1022	732	1045	764
0	268	738	292	765
0	926	738	949	765
0	510	877	589	906
0	653	877	729	906
0	700	912	779	941
0	268	950	305	979
0	888	1108	967	1138
0	1030	1108	1106	1138
0	351	1111	378	1132
0	442	1111	465	1132
0	1178	1111	1215	1140
0	922	1147	945	1168
0	375	1148	390	1168
0	824	1176	847	1208
0	735	1182	759	1209
0	365	1218	466	1247
0	966	1252	1047	1273
0	657	1286	736	1307
0	476	1319	676	1351
0	746	1324	796	1353
0	1105	1324	1213	1353
0	1124	1436	1163	1464
0	1090	1464	1109	1493
0	1017	1471	1036	1493
0	728	1495	767	1523
0	1194	1499	1213	1521
0	316	1523	335	1551
