0	586	507	859	588
0	333	664	1103	742
0	507	857	937	929
0	611	1077	830	1121
0	327	1235	1117	1307
0	606	1351	843	1431
0	343	1640	1099	1705
0	989	325	1024	349
0	511	359	527	380
0	500	395	529	421
0	343	428	446	458
0	383	465	419	491
0	263	769	294	801
0	861	769	895	801
0	728	772	797	799
0	1119	772	1188	799
0	382	808	421	832
0	442	808	514	832
0	934	956	964	980
0	1170	983	1272	1020
0	712	991	742	1017
0	181	1018	274	1055
0	667	1147	757	1179
0	1221	1148	1255	1179
0	811	1152	882	1179
0	947	1152	986	1178
0	263	1183	355	1214
0	407	1187	476	1214
0	632	1446	661	1472
0	1021	1446	1062	1472
0	181	1477	216	1509
