0	521	591	926	628
0	405	704	1036	811
0	1060	360	1083	381
0	790	395	813	416
0	1010	395	1034	416
0	1160	464	1187	485
0	363	465	386	486
0	545	465	564	486
0	769	499	796	521
0	536	499	559	520
0	626	499	650	520
0	481	534	504	555
0	569	534	593	555
0	427	661	482	691
0	335	838	373	859
0	444	838	482	859
0	567	869	854	905
0	373	874	396	895
0	465	874	489	895
0	802	907	986	936
0	848	942	984	963
0	766	1011	824	1041
0	250	1021	277	1042
0	912	1120	935	1141
0	1138	1153	1195	1183
0	563	1155	622	1182
0	667	1190	680	1216
0	556	1224	580	1245
0	644	1224	675	1245
0	1019	1258	1061	1288
0	670	1259	706	1280
0	779	1259	815	1280
0	731	1292	773	1322
0	782	1292	827	1322
0	891	1292	949	1322
0	388	1395	411	1416
0	485	1395	509	1416
0	1117	1429	1141	1450
0	250	1464	274	1485
0	1046	1464	1067	1485
0	1138	1464	1162	1485
0	1120	1499	1145	1520
0	837	1534	875	1555
0	946	1534	984	1555
0	577	1566	737	1590
0	250	1567	433	1597
0	544	1569	569	1590
0	719	1605	745	1626
0	711	1639	756	1668
0	675	1674	733	1704
0	446	1707	477	1731
0	542	1707	573	1731
0	614	1710	652	1731
0	715	1710	753	1731
