0	375	373	1068	414
0	454	497	993	538
0	250	606	275	627
0	413	671	803	703
0	1105	684	1128	703
0	693	707	865	738
0	250	754	277	773
0	433	777	661	810
0	250	812	378	841
0	823	816	848	837
0	647	851	670	872
0	733	851	756	872
0	909	851	930	872
0	992	851	1023	872
0	525	886	546	907
0	608	886	632	907
0	1042	886	1065	907
0	1126	886	1150	907
0	405	922	430	943
0	834	992	855	1013
0	922	992	946	1013
0	657	1027	681	1048
0	745	1027	769	1048
0	398	1097	419	1118
0	490	1097	521	1124
0	429	1129	460	1153
0	331	1130	362	1153
0	1022	1132	1046	1153
0	1111	1132	1135	1153
0	1116	1202	1139	1223
0	250	1238	274	1259
0	938	1238	961	1259
0	1030	1238	1054	1259
0	467	1309	492	1330
0	707	1309	732	1330
0	703	1412	890	1442
0	657	1413	682	1434
0	296	1448	317	1469
0	384	1448	408	1469
0	624	1448	647	1469
0	713	1448	736	1469
0	535	1517	593	1547
0	343	1519	367	1540
0	428	1519	452	1540
0	1116	1555	1137	1576
0	250	1590	281	1611
0	996	1623	1031	1652
0	912	1625	931	1646
0	1029	1659	1048	1680
0	518	1694	543	1715
0	864	1694	889	1715
