0	627	379	781	416
0	620	519	791	557
0	259	774	1105	861
0	343	935	1114	1183
0	552	1305	860	1507
0	688	274	741	304
0	976	276	1015	304
0	1077	276	1109	302
0	670	316	723	345
0	351	318	493	345
0	760	456	813	486
0	608	457	744	483
0	256	593	643	630
0	710	594	1074	630
0	922	647	950	665
0	174	681	253	702
0	535	681	614	702
0	968	681	998	702
0	879	688	907	706
0	319	722	358	750
0	422	722	453	748
0	256	1533	293	1561
0	357	1533	385	1559
0	174	1617	202	1641
0	635	1658	736	1686
0	537	1699	557	1720
0	781	1699	804	1720
0	1114	1707	1133	1726
