0	619	380	836	457
0	552	586	903	649
0	577	841	877	910
0	633	980	819	1057
0	433	1282	1020	1357
0	228	1429	1252	1589
0	232	181	303	209
0	1049	181	1119	202
0	174	232	245	259
0	523	232	592	259
0	575	276	730	312
0	850	282	1307	311
0	532	482	602	509
0	725	482	865	506
0	910	482	933	503
0	1141	482	1204	511
0	413	525	541	561
0	174	533	340	560
0	208	678	247	713
0	658	686	681	707
0	1185	686	1210	707
0	1274	686	1301	707
0	288	1077	405	1110
0	793	1081	1079	1110
0	574	1084	592	1111
0	486	1090	504	1103
0	1111	1090	1127	1110
0	771	1135	796	1156
0	721	1181	1195	1217
0	174	1185	206	1209
0	941	1609	980	1644
0	732	1617	757	1638
0	750	1767	835	1798
