0	373	1236	1130	1303
0	507	1383	1048	1424
0	607	1560	948	1608
0	250	229	357	258
0	250	271	356	306
0	731	311	965	346
0	644	354	766	392
0	992	403	1019	427
0	1158	444	1300	480
0	354	542	383	563
0	1117	576	1300	606
0	1080	625	1181	653
0	899	629	915	644
0	339	666	432	689
0	766	666	859	689
0	250	835	316	863
0	398	835	466	863
0	1187	839	1221	869
0	528	848	556	869
0	478	883	581	912
0	878	927	1022	956
0	660	934	688	956
0	250	970	338	993
0	281	1325	361	1357
0	525	1325	621	1357
0	284	1464	371	1487
0	546	1648	573	1672
0	250	1687	284	1716
0	361	1687	393	1716
0	536	1687	688	1718
0	767	1687	919	1718
