0	404	798	1045	837
0	366	1207	1076	1251
0	276	1647	1161	1747
0	250	321	515	351
0	642	321	968	350
0	1104	321	1136	344
0	487	356	660	385
0	1010	356	1195	385
0	570	395	605	416
0	635	427	954	458
0	335	462	542	493
0	951	465	1032	488
0	250	499	580	528
0	918	570	941	591
0	1005	570	1029	591
0	869	638	927	667
0	1015	673	1074	703
0	250	676	273	697
0	332	676	363	697
0	678	676	701	697
0	283	711	307	732
0	373	711	397	732
0	418	719	434	731
0	372	746	396	767
0	460	746	483	767
0	250	873	308	902
0	699	908	762	937
0	881	909	953	931
0	960	942	1200	972
0	481	942	542	971
0	892	944	915	965
0	250	977	327	1007
0	760	977	823	1007
0	1138	977	1197	1007
0	630	979	704	1002
0	250	1012	492	1042
0	1097	1022	1113	1041
0	452	1046	612	1077
0	1127	1046	1213	1077
0	250	1081	691	1112
0	779	1084	837	1113
0	913	1119	968	1149
0	250	1154	308	1183
0	330	1284	511	1313
0	1138	1318	1195	1347
0	1093	1318	1116	1339
0	799	1326	815	1339
0	1137	1351	1195	1382
0	250	1352	375	1381
0	486	1352	541	1382
0	250	1386	587	1417
0	1036	1387	1091	1417
0	917	1389	936	1410
0	799	1420	1062	1456
0	819	1457	874	1487
0	697	1460	727	1481
0	617	1466	632	1486
0	979	1495	1025	1516
0	399	1528	456	1559
0	569	1528	993	1558
0	250	1565	296	1586
0	901	1565	924	1586
0	992	1565	1016	1586
0	250	1599	305	1629
