0	513	287	911	359
0	574	463	847	536
0	487	606	942	693
0	476	867	942	922
0	509	1052	919	1092
0	408	1508	1021	1589
0	460	131	485	154
0	843	131	961	161
0	384	142	399	154
0	891	168	922	188
0	1137	201	1150	225
0	162	268	232	289
0	870	410	913	437
0	469	743	606	775
0	869	743	1166	775
0	725	756	749	768
0	1019	807	1083	840
0	206	808	221	835
0	1146	808	1199	840
0	685	1004	734	1032
0	469	1226	497	1244
0	701	1283	906	1316
0	1154	1349	1170	1377
0	712	1414	728	1441
0	1078	1608	1188	1641
0	1258	1608	1298	1635
0	607	1676	668	1705
