0	499	1112	948	1149
0	470	1308	972	1347
0	581	1371	860	1412
0	359	322	404	351
0	674	322	704	351
0	1005	325	1052	346
0	622	393	667	422
0	1091	395	1144	422
0	419	428	484	458
0	494	430	521	457
0	529	430	556	457
0	642	430	673	451
0	564	438	579	457
0	869	533	927	564
0	1081	534	1106	555
0	1129	567	1200	590
0	763	568	894	597
0	766	601	1197	632
0	250	602	340	625
0	436	606	459	627
0	250	636	326	667
0	498	641	523	662
0	250	671	511	707
0	519	676	696	703
0	1131	676	1161	697
0	1055	684	1070	703
0	250	711	275	732
0	1016	816	1041	837
0	699	900	759	927
0	960	949	1041	979
0	873	985	900	1006
0	982	1020	1009	1041
0	250	1028	277	1047
0	748	1055	772	1076
0	662	1056	685	1077
0	422	1219	449	1240
0	910	1219	978	1242
0	1048	1219	1089	1245
0	250	1252	311	1282
0	380	1255	425	1285
0	433	1255	618	1285
0	318	1470	352	1491
0	719	1470	847	1494
0	910	1470	1052	1499
0	851	1502	1194	1530
0	637	1503	692	1533
0	757	1532	946	1564
0	250	1537	459	1567
0	250	1567	580	1599
0	909	1609	932	1630
0	997	1609	1020	1630
0	1030	1609	1071	1635
0	356	1680	392	1709
0	250	1687	265	1700
