0	562	1492	886	1529
0	316	1617	1077	1656
0	730	322	758	344
0	817	322	847	344
0	1032	325	1053	346
0	1114	325	1138	346
0	962	393	1020	422
0	784	395	807	416
0	867	395	898	422
0	1172	430	1195	451
0	786	465	809	486
0	870	465	894	486
0	915	499	938	520
0	489	530	731	565
0	293	534	317	555
0	692	606	713	627
0	784	606	808	627
0	1001	641	1022	662
0	1091	641	1115	662
0	768	709	813	739
0	1039	780	1069	809
0	1035	886	1056	907
0	1124	886	1148	907
0	516	957	539	978
0	644	990	686	1020
0	1048	990	1078	1020
0	250	1090	273	1111
0	369	1091	401	1112
0	1173	1162	1194	1183
0	305	1197	329	1218
0	779	1247	803	1268
0	868	1247	892	1268
0	736	1295	759	1316
0	828	1295	851	1316
0	917	1295	941	1316
0	579	1367	602	1388
0	1116	1402	1140	1423
0	372	1437	396	1458
0	772	1565	796	1586
0	860	1565	883	1586
0	1037	1565	1060	1586
0	483	1693	723	1714
0	819	1693	842	1714
0	1095	1701	1110	1714
0	993	1728	1017	1749
0	1087	1728	1111	1749
