0	883	171	1256	228
0	318	277	544	312
0	782	314	1315	376
0	250	407	612	464
0	891	618	1274	744
0	369	644	502	726
0	275	840	585	897
0	315	1386	547	1449
0	326	1599	535	1656
0	819	1656	1273	1717
0	342	149	360	161
0	417	149	435	161
0	417	523	425	538
0	658	523	727	544
0	243	583	257	595
0	274	747	342	763
0	940	874	1014	886
0	204	924	233	945
0	770	936	831	960
0	130	951	191	975
0	331	959	344	974
0	500	959	513	974
0	467	1002	485	1025
0	911	1020	972	1044
0	1207	1050	1222	1072
0	875	1055	888	1067
0	1084	1104	1212	1130
0	1248	1105	1319	1126
0	770	1135	845	1156
0	588	1236	653	1254
0	1125	1312	1213	1336
0	130	1319	195	1337
0	835	1341	942	1365
0	994	1396	1097	1420
0	888	1397	949	1416
0	770	1398	830	1419
0	1203	1423	1275	1449
0	1034	1426	1063	1447
0	1335	1426	1361	1448
0	1292	1454	1361	1475
0	977	1460	1002	1475
0	611	1474	649	1504
0	1107	1475	1122	1503
0	204	1479	219	1501
0	1295	1480	1367	1506
0	1253	1481	1279	1503
0	394	1506	410	1527
0	988	1509	1002	1527
0	1059	1515	1071	1530
0	1133	1539	1186	1555
0	413	1685	470	1706
0	305	1713	380	1734
0	1091	1741	1108	1759
