0	609	601	834	723
0	655	914	792	938
0	509	993	933	1115
0	327	1212	1072	1291
0	524	1403	915	1440
0	534	1665	910	1702
0	1007	427	1024	445
0	566	453	603	477
0	354	456	381	477
0	357	490	378	505
0	303	535	737	564
0	379	730	400	751
0	1127	738	1139	750
0	431	757	499	778
0	764	765	777	777
0	303	784	324	810
0	528	786	566	810
0	760	818	776	836
0	418	848	436	866
0	1072	854	1092	869
0	769	876	788	894
0	420	883	430	895
0	546	963	564	981
0	444	1120	481	1144
0	495	1122	522	1143
0	575	1122	592	1144
0	984	1148	1021	1172
0	909	1152	927	1170
0	943	1152	970	1173
0	764	1157	776	1169
0	759	1181	842	1203
0	1059	1307	1140	1339
0	422	1309	524	1336
0	759	1320	769	1332
0	821	1320	841	1335
0	485	1340	582	1367
0	303	1378	323	1393
0	303	1489	367	1507
0	954	1517	973	1535
0	525	1543	562	1567
0	303	1547	330	1568
0	498	1720	515	1734
0	712	1720	729	1733
