0	618	635	828	666
0	599	820	847	857
0	602	927	842	964
0	583	1017	909	1105
0	580	1157	865	1193
0	501	1375	944	1412
0	412	1475	1033	1511
0	401	1573	1039	1776
0	373	311	633	340
0	595	370	632	391
0	409	373	449	391
0	1015	562	1065	588
0	758	693	808	717
0	1035	693	1085	717
0	686	723	717	744
0	468	751	672	777
0	921	879	958	903
0	665	883	692	904
0	590	1216	628	1240
0	383	1221	435	1242
0	891	1246	1034	1270
0	1080	1250	1132	1271
0	701	1275	730	1299
0	861	1275	898	1299
0	380	1432	433	1461
0	573	1432	615	1461
0	860	1437	892	1461
