0	622	357	821	392
0	552	559	894	599
0	622	849	820	889
0	609	1055	838	1096
0	577	1402	863	1540
0	481	1625	962	1665
0	599	311	622	332
0	557	451	586	474
0	1000	479	1059	505
0	492	507	520	540
0	702	512	761	538
0	344	513	360	531
0	725	627	894	655
0	303	658	543	684
0	898	664	910	676
0	787	718	805	736
0	622	723	634	739
0	344	746	363	764
0	451	746	501	767
0	1022	753	1034	768
0	303	798	432	827
0	696	804	755	830
0	599	916	627	948
0	715	918	774	945
0	431	950	454	971
0	999	982	1016	1000
0	893	1010	1111	1038
0	361	1113	406	1136
0	577	1113	617	1136
0	771	1113	816	1136
0	896	1113	936	1136
0	939	1142	957	1165
0	485	1179	504	1197
0	558	1179	608	1200
0	1104	1200	1132	1235
0	303	1207	318	1225
0	454	1236	481	1269
0	566	1236	593	1259
0	337	1272	369	1303
0	766	1272	859	1303
0	470	1280	483	1296
0	499	1334	534	1355
0	687	1335	735	1359
0	520	1563	533	1578
0	411	1579	430	1603
