0	398	389	1007	461
0	479	499	977	564
0	490	632	959	720
0	441	837	1010	919
0	487	997	967	1060
0	550	1475	899	1653
0	991	296	1122	326
0	972	337	1046	374
0	738	338	836	366
0	313	340	330	360
0	734	593	811	611
0	200	747	274	771
0	328	747	400	770
0	444	747	546	773
0	600	747	672	767
0	837	747	909	767
0	386	789	447	808
0	587	1089	752	1124
0	858	1096	986	1120
0	747	1133	889	1165
0	447	1139	508	1157
0	922	1139	1036	1162
0	899	1180	967	1203
0	174	1216	315	1249
0	728	1216	765	1238
0	510	1221	581	1241
0	643	1222	712	1244
0	780	1384	887	1412
