0	679	415	765	444
0	659	525	786	555
0	595	1005	847	1040
0	484	1098	961	1154
0	531	1277	862	1326
0	510	1385	932	1543
0	590	1579	854	1618
0	731	311	782	333
0	356	313	397	339
0	303	339	435	369
0	521	339	575	365
0	634	339	699	365
0	1071	345	1091	363
0	816	608	853	632
0	730	610	757	631
0	983	635	1003	661
0	1060	636	1098	660
0	759	669	774	687
0	1011	728	1031	746
0	591	756	614	774
0	631	756	793	776
0	946	839	998	861
0	443	867	653	891
0	724	873	745	891
0	355	908	375	923
0	405	1205	426	1232
0	632	1207	669	1231
0	416	1234	484	1260
0	331	1239	345	1257
0	855	1637	874	1655
