0	405	285	1047	347
0	378	420	1068	569
0	687	1114	770	1144
0	444	1352	1006	1407
0	495	241	513	260
0	868	584	897	606
0	1141	624	1277	652
0	792	673	806	685
0	174	704	203	727
0	345	714	414	733
0	499	749	528	771
0	1046	755	1060	767
0	746	797	773	813
0	526	874	556	894
0	1077	880	1104	896
0	741	951	899	981
0	1068	951	1194	981
0	747	993	899	1023
0	965	997	1047	1019
0	915	1038	944	1061
0	174	1073	281	1109
0	487	1179	590	1206
0	1126	1263	1156	1284
0	1237	1437	1271	1464
0	563	1479	709	1507
0	767	1479	881	1507
0	1164	1479	1195	1507
0	927	1481	991	1502
0	174	1520	302	1548
0	1213	1522	1277	1549
0	379	1562	530	1590
0	1131	1563	1179	1589
0	1199	1565	1267	1586
0	210	1602	250	1630
0	721	1602	786	1628
0	995	1605	1067	1631
0	362	1643	393	1671
0	174	1645	222	1671
0	241	1647	305	1668
