0	595	186	861	225
0	544	334	859	381
0	390	486	1060	597
0	570	676	880	801
0	393	957	1055	990
0	476	999	974	1071
0	634	1310	817	1342
0	664	1440	788	1477
0	649	1622	805	1703
0	858	123	953	152
0	574	420	608	449
0	1196	420	1234	448
0	657	619	689	645
0	357	627	373	646
0	1083	872	1189	902
0	935	1088	963	1118
0	581	1094	620	1118
0	676	1094	764	1116
0	1066	1094	1154	1115
0	241	1099	258	1112
0	939	1133	1145	1164
0	678	1136	715	1165
0	768	1181	805	1210
0	379	1183	475	1206
0	285	1224	313	1248
0	446	1224	475	1248
0	954	1224	982	1253
0	561	1225	667	1254
0	1103	1225	1182	1254
0	776	1571	792	1597
