0	587	890	895	960
0	474	1227	1008	1314
0	225	1713	1190	1800
0	463	182	539	211
0	971	351	1066	373
0	971	447	1066	469
0	840	594	860	614
0	487	601	511	617
0	768	601	792	617
0	971	601	984	613
0	626	670	702	699
0	1072	671	1092	691
0	837	848	1014	878
0	334	983	346	1004
0	251	991	267	1003
0	361	1332	468	1390
0	402	1392	510	1452
0	1038	1457	1145	1481
0	1194	1457	1301	1481
0	258	1488	734	1557
0	809	1508	915	1532
0	787	1558	864	1611
0	174	1568	260	1592
0	1197	1568	1301	1592
0	398	1622	483	1646
0	520	1673	657	1697
