0	520	357	927	395
0	519	525	928	561
0	505	933	940	971
0	596	1062	850	1093
0	622	1316	822	1352
0	599	1593	843	1716
0	905	422	933	454
0	1022	422	1068	443
0	947	425	967	446
0	610	454	670	481
0	749	456	765	474
0	698	484	714	502
0	1077	586	1147	618
0	303	616	350	648
0	391	616	540	647
0	474	650	502	681
0	585	651	631	672
0	514	653	534	674
0	303	683	335	704
0	972	774	985	786
0	984	798	1016	819
0	579	805	592	817
0	1113	857	1140	873
0	958	883	1069	909
0	700	886	723	904
0	1107	886	1138	907
0	1036	994	1049	1006
0	680	1123	707	1141
0	849	1157	862	1169
0	610	1158	623	1170
0	718	1207	854	1234
0	303	1210	386	1232
0	870	1268	901	1289
0	303	1293	322	1314
0	364	1299	396	1320
0	710	1366	825	1398
0	812	1400	848	1421
0	630	1403	670	1421
0	330	1457	445	1488
0	690	1497	703	1512
0	513	1519	587	1545
0	478	1546	496	1570
