0	330	1342	1135	1383
0	707	272	737	296
0	1056	274	1227	304
0	798	308	829	331
0	1165	308	1291	337
0	354	345	433	374
0	868	379	1001	407
0	1195	379	1296	407
0	783	380	855	401
0	174	413	204	441
0	790	414	878	444
0	913	449	992	478
0	438	519	515	549
0	341	555	420	585
0	174	590	367	620
0	425	626	487	655
0	681	626	855	655
0	959	626	1032	655
0	267	661	381	690
0	823	661	1067	691
0	174	662	200	683
0	723	695	1046	724
0	1133	795	1284	840
0	1085	944	1164	973
0	601	979	786	1009
0	1015	979	1189	1009
0	174	1014	265	1044
0	412	1282	518	1311
0	477	1403	714	1433
0	901	1404	966	1430
0	174	1437	371	1467
0	637	1437	716	1467
0	1074	1439	1102	1465
0	1148	1439	1176	1465
0	587	1474	615	1500
0	535	1507	660	1537
0	458	1509	528	1536
0	1046	1509	1111	1535
0	813	1581	841	1605
0	911	1583	934	1603
0	174	1649	399	1679
0	1138	1651	1166	1677
