0	526	706	823	771
0	242	840	1055	921
0	544	1101	807	1138
0	407	1210	943	1291
0	521	1364	829	1402
0	569	1758	779	1823
0	603	202	700	225
0	969	203	1048	233
0	806	242	827	263
0	892	242	918	263
0	1124	565	1139	578
0	576	600	591	613
0	379	627	388	648
0	588	627	611	648
0	1037	627	1138	648
0	285	945	412	974
0	597	1021	613	1035
0	295	1053	372	1073
0	642	1053	714	1073
0	353	1318	425	1338
0	1120	1438	1146	1451
0	885	1533	980	1559
0	523	1579	537	1592
0	662	1642	746	1663
0	200	1675	353	1705
0	853	1685	877	1703
0	813	1719	838	1737
