0	317	200	546	233
0	821	293	1277	356
0	939	481	1201	516
0	290	730	566	766
0	770	757	1374	795
0	160	886	659	941
0	905	1070	1231	1105
0	862	1318	1278	1374
0	285	1671	573	1782
0	770	1677	1413	1737
0	938	137	958	153
0	770	161	800	182
0	770	222	885	248
0	130	260	188	281
0	619	289	734	310
0	130	319	225	340
0	130	347	145	365
0	315	347	334	365
0	353	347	367	365
0	130	372	261	393
0	832	379	890	407
0	952	381	1092	405
0	354	405	369	423
0	532	405	547	423
0	1135	407	1176	433
0	770	608	790	622
0	1318	625	1334	648
0	1001	660	1024	678
0	1104	660	1134	681
0	1192	660	1213	678
0	794	718	817	736
0	920	718	941	736
0	1351	821	1366	844
0	1214	825	1254	849
0	947	833	965	847
0	429	849	444	867
0	867	863	882	878
0	1173	882	1367	909
0	957	885	1015	906
0	770	910	811	938
0	948	910	1359	938
0	445	963	460	982
0	351	965	367	983
0	384	965	402	981
0	529	992	552	1011
0	130	1022	146	1040
0	308	1022	324	1040
0	377	1022	396	1040
0	1169	1030	1192	1048
0	483	1050	529	1074
0	372	1051	432	1069
0	1228	1130	1258	1151
0	1304	1130	1367	1158
0	845	1131	1037	1155
0	770	1158	981	1186
0	1282	1158	1367	1185
0	621	1167	720	1188
0	770	1188	783	1216
0	842	1188	969	1215
0	1143	1188	1173	1209
0	1232	1188	1260	1216
0	199	1197	224	1218
0	286	1197	350	1217
0	1242	1221	1265	1239
0	300	1224	366	1245
0	256	1249	441	1280
0	505	1307	544	1335
0	236	1394	281	1424
0	1351	1398	1366	1422
0	295	1400	364	1421
0	182	1401	190	1419
0	622	1401	649	1419
0	1261	1402	1292	1423
0	770	1405	798	1423
0	642	1427	687	1457
0	1290	1486	1367	1510
0	649	1487	729	1515
0	460	1489	528	1513
0	130	1516	384	1543
0	554	1545	727	1577
0	1010	1574	1026	1597
0	542	1607	562	1625
0	770	1615	790	1630
0	1070	1615	1091	1630
0	229	1633	259	1654
0	770	1643	785	1655
