0	300	448	1175	534
0	382	683	1089	769
0	526	814	947	900
0	555	1149	916	1233
0	418	1634	1058	1720
0	1165	226	1180	255
0	255	296	551	325
0	188	297	234	325
0	619	305	634	325
0	893	305	908	325
0	1053	305	1070	318
0	595	331	790	361
0	551	334	574	355
0	233	562	653	595
0	1012	567	1025	588
0	792	575	808	588
0	274	917	329	949
0	1019	919	1053	941
0	1086	952	1211	984
0	479	990	581	1020
0	721	1026	736	1055
0	824	1027	847	1048
0	972	1027	995	1048
0	598	1028	668	1048
0	1232	1035	1248	1048
0	166	1062	179	1083
0	1102	1062	1126	1083
0	508	1266	577	1295
0	245	1267	449	1294
0	793	1275	821	1293
0	1163	1298	1303	1330
0	607	1344	622	1363
0	829	1344	843	1363
0	657	1369	685	1399
0	319	1370	402	1400
0	986	1372	1010	1393
0	813	1374	946	1400
0	211	1406	234	1427
0	1084	1439	1272	1468
0	1172	1474	1303	1503
0	853	1475	868	1505
0	722	1546	737	1576
0	1252	1546	1303	1576
0	826	1548	850	1569
0	940	1548	963	1569
0	530	1548	604	1569
0	221	1581	270	1611
0	1029	1582	1050	1603
