0	552	278	918	361
0	647	488	821	570
0	517	718	955	809
0	374	919	1097	1005
0	354	1088	1121	1172
0	492	1300	978	1377
0	365	1566	1106	1748
0	250	186	366	221
0	989	186	1130	221
0	251	393	537	431
0	603	410	645	423
0	166	437	272	458
0	429	438	499	459
0	540	438	606	459
0	1003	445	1017	458
0	311	480	327	493
0	434	589	567	619
0	1024	591	1094	612
0	872	599	941	612
0	308	634	322	647
0	666	634	682	647
0	1063	658	1304	689
0	685	661	698	682
0	859	662	931	682
0	489	826	741	859
0	938	828	1131	860
0	832	867	853	888
0	1067	874	1081	887
0	645	1036	679	1059
0	231	1205	523	1243
0	884	1212	969	1235
0	682	1214	706	1235
0	1068	1214	1175	1235
0	508	1406	542	1429
