0	319	528	1118	651
0	416	740	1029	809
0	634	848	809	912
0	449	977	993	1014
0	418	1214	1028	1280
0	882	312	946	339
0	327	313	402	337
0	460	313	535	339
0	795	317	856	337
0	499	427	607	456
0	412	431	440	452
0	657	456	683	478
0	760	484	788	513
0	1060	663	1106	685
0	303	693	369	722
0	920	928	970	952
0	368	936	381	951
0	375	1038	388	1049
0	904	1057	930	1083
0	1104	1306	1132	1335
0	1016	1310	1044	1331
0	1127	1340	1140	1362
0	745	1366	771	1392
0	544	1369	572	1390
0	401	1421	427	1443
0	429	1453	472	1480
0	754	1481	795	1502
0	1000	1483	1052	1507
0	1092	1628	1140	1654
0	893	1658	938	1684
0	441	1666	454	1681
