0	457	256	931	343
0	222	484	1166	590
0	308	712	1079	798
0	544	873	845	950
0	551	999	929	1108
0	184	1201	1209	1320
0	386	1499	1050	1668
0	316	1727	1073	1806
0	278	202	317	232
0	877	360	951	392
0	1017	360	1112	392
0	250	362	284	392
0	898	396	926	419
0	993	396	1043	422
0	1226	406	1271	433
0	222	441	264	468
0	250	603	312	634
0	1052	642	1071	663
0	465	677	559	698
0	377	821	447	852
0	385	1120	443	1152
0	253	1122	311	1151
0	738	1345	825	1374
0	893	1345	986	1374
0	166	1380	397	1409
0	464	1380	747	1415
0	1122	1448	1181	1480
0	1000	1451	1058	1481
0	418	1680	483	1711
0	548	1680	612	1711
