0	455	658	1031	739
0	626	780	858	861
0	537	1362	949	1400
0	671	1552	814	1587
0	671	1660	819	1698
0	891	184	1090	213
0	218	254	556	283
0	1157	257	1270	281
0	578	289	720	319
0	766	289	843	318
0	725	506	750	527
0	994	541	1074	564
0	888	541	924	561
0	920	572	955	602
0	978	572	1196	603
0	844	943	965	976
0	218	983	291	1006
0	709	1158	732	1179
0	846	1190	881	1227
0	1205	1193	1278	1219
0	1011	1227	1046	1259
0	218	1229	257	1255
0	909	1262	1105	1295
0	297	1267	401	1293
0	630	1301	688	1330
0	825	1301	851	1322
0	218	1453	253	1490
0	295	1453	331	1490
0	340	1733	366	1759
