0	456	822	988	853
0	324	1012	1078	1047
0	559	1180	886	1211
0	382	1281	1036	1396
0	814	455	897	479
0	629	513	757	539
0	936	513	988	537
0	303	514	318	532
0	417	519	430	535
0	946	540	1140	576
0	529	548	544	569
0	585	603	631	629
0	689	603	732	629
0	809	603	835	629
0	799	744	861	771
0	514	746	574	770
0	928	747	986	765
0	355	774	398	800
0	781	774	868	800
0	590	882	689	906
0	1072	883	1089	901
0	431	910	519	934
0	682	911	696	929
0	889	911	926	932
0	500	937	670	964
0	303	977	335	993
0	389	977	420	993
0	1112	1077	1140	1098
0	811	1103	981	1130
0	622	1131	817	1158
0	669	1411	762	1432
0	326	1412	384	1430
0	551	1463	611	1492
0	443	1492	537	1528
0	691	1560	766	1586
0	821	1560	896	1586
0	365	1563	426	1582
0	646	1563	662	1581
0	875	1590	1084	1615
0	906	1614	1084	1641
0	713	1618	848	1644
0	373	1693	546	1715
0	757	1725	770	1735
0	338	1738	709	1768
