0	430	544	1021	606
0	668	838	782	870
0	535	1050	914	1090
0	519	1232	938	1272
0	524	1420	925	1472
0	573	1567	883	1607
0	554	1699	902	1764
0	389	323	404	344
0	1012	371	1078	400
0	1207	371	1305	400
0	723	413	762	443
0	174	419	205	448
0	896	419	1003	448
0	394	465	583	504
0	649	465	848	504
0	719	627	744	648
0	474	673	536	702
0	812	675	882	703
0	947	676	963	697
0	1138	676	1153	697
0	1146	721	1271	750
0	600	912	699	936
0	259	916	280	937
0	536	957	698	993
0	789	971	806	984
0	174	1019	290	1039
0	256	1120	291	1143
0	548	1122	583	1151
0	1022	1122	1038	1143
0	413	1166	586	1198
0	608	1171	801	1198
0	174	1179	189	1191
0	241	1311	284	1335
0	400	1311	553	1343
0	822	1315	837	1336
