0	241	233	617	289
0	900	489	1233	508
0	498	194	515	210
0	1213	197	1231	215
0	1291	197	1310	215
0	427	306	517	332
0	638	306	720	332
0	826	312	853	328
0	535	335	651	361
0	837	340	914	358
0	446	365	500	389
0	770	395	855	419
0	1045	396	1069	414
0	467	506	658	536
0	130	514	290	535
0	193	564	454	595
0	851	571	906	595
0	929	575	1023	591
0	1283	575	1351	591
0	821	600	871	624
0	130	600	391	628
0	1203	627	1287	653
0	1295	629	1367	647
0	566	630	656	656
0	510	657	676	687
0	130	691	301	721
0	502	698	519	714
0	236	779	414	805
0	1142	836	1215	854
0	232	837	460	865
0	446	895	556	921
0	312	955	394	977
0	680	955	743	973
0	242	1041	292	1067
0	688	1041	733	1067
0	494	1049	514	1061
0	130	1070	175	1096
0	462	1099	517	1125
0	231	1212	251	1243
0	304	1244	359	1266
0	180	1274	188	1290
0	526	1303	610	1324
0	522	1330	629	1356
0	320	1419	384	1439
0	499	1448	549	1469
0	330	1477	353	1495
0	394	1506	425	1527
0	430	1535	457	1553
0	658	1535	727	1553
0	276	1564	339	1582
0	554	1564	720	1586
0	162	1594	257	1614
0	704	1594	727	1612
0	242	1621	423	1648
0	483	1621	642	1648
