0	401	696	975	853
0	427	1258	956	1455
0	363	186	383	207
0	588	222	719	253
0	234	228	254	249
0	499	306	565	333
0	1158	354	1196	382
0	324	397	403	418
0	1070	474	1188	502
0	808	482	829	503
0	139	524	230	545
0	307	559	394	587
0	139	562	237	586
0	276	873	321	902
0	1013	873	1154	902
0	1055	957	1160	986
0	599	959	694	985
0	430	999	723	1028
0	775	999	937	1029
0	1025	1001	1126	1027
0	712	1037	823	1064
0	330	1082	373	1112
0	417	1082	460	1112
0	418	1218	455	1237
0	1172	1475	1243	1506
0	600	1480	635	1504
0	139	1517	386	1548
0	547	1522	583	1548
0	653	1522	698	1548
0	1036	1523	1133	1547
0	1064	1608	1182	1631
0	755	1643	1030	1675
0	430	1656	460	1675
0	517	1684	801	1721
