0	1221	875	1251	896
0	1167	918	1184	937
0	174	944	321	973
0	623	945	646	972
0	1026	979	1086	1008
0	274	980	293	1001
0	350	980	380	1001
0	1291	980	1314	1007
0	245	1074	372	1103
0	552	1074	663	1103
0	245	1132	438	1161
0	610	1132	721	1161
0	245	1190	372	1219
0	436	1190	628	1219
0	801	1190	860	1219
0	814	1250	874	1279
0	243	1287	282	1313
0	738	1287	768	1308
0	1170	1294	1276	1307
0	174	1320	397	1350
0	1225	1323	1255	1344
0	264	1358	303	1384
0	768	1366	785	1378
0	427	1391	487	1421
0	1228	1393	1266	1419
0	815	1429	845	1450
0	1003	1463	1072	1484
0	775	1568	872	1591
0	644	1603	735	1625
