0	285	470	1166	544
0	344	671	1111	745
0	338	873	1118	938
0	220	1061	1232	1205
0	244	1545	1159	1586
0	1123	274	1294	304
0	853	276	876	297
0	174	322	189	351
0	372	323	521	345
0	622	323	645	344
0	716	371	744	399
0	1249	372	1277	399
0	256	575	291	601
0	688	575	711	596
0	278	623	391	650
0	577	773	605	800
0	861	974	974	1000
0	1197	1241	1220	1262
0	174	1289	255	1316
0	301	1332	625	1365
0	425	1385	448	1406
0	1248	1385	1278	1411
0	332	1431	763	1460
0	933	1434	958	1455
0	258	1624	566	1670
0	632	1631	880	1661
0	660	1680	676	1701
0	1048	1729	1129	1755
