0	474	386	971	424
0	485	465	963	505
0	564	710	880	753
0	620	877	828	915
0	644	960	803	997
0	580	1202	862	1283
0	364	1352	1083	1393
0	460	1515	989	1593
0	427	1687	1022	1765
0	752	323	767	351
0	284	560	299	587
0	250	595	277	624
0	341	595	376	624
0	506	595	533	624
0	1059	595	1074	622
0	642	632	722	654
0	1016	664	1081	694
0	575	812	594	842
0	484	815	503	842
0	276	816	291	836
0	410	850	425	877
0	710	1017	728	1044
0	887	1053	951	1074
0	508	1060	535	1079
0	1026	1122	1065	1146
0	331	1308	356	1329
0	624	1308	641	1335
0	517	1419	656	1456
0	844	1457	943	1478
0	323	1641	376	1670
