0	542	379	880	422
0	521	646	900	684
0	467	786	953	830
0	524	925	896	971
0	274	1070	1053	1191
0	445	1361	975	1404
0	619	1551	803	1588
0	611	269	798	300
0	947	269	1111	300
0	312	433	382	452
0	722	433	749	454
0	711	463	737	484
0	845	488	914	515
0	703	491	730	512
0	960	492	974	508
0	1082	492	1106	512
0	981	516	1146	546
0	271	522	296	543
0	484	549	548	578
0	363	553	376	571
0	1018	553	1082	572
0	1126	553	1139	571
0	510	578	594	604
0	360	704	437	734
0	766	710	801	738
0	271	738	478	774
0	506	744	556	773
0	934	848	1065	880
0	855	850	882	876
0	503	881	697	912
0	782	1012	847	1040
0	497	1013	695	1042
0	1003	1195	1119	1230
0	906	1198	967	1227
0	476	1205	489	1217
0	551	1231	612	1260
0	350	1234	360	1247
0	736	1259	801	1278
0	512	1266	525	1278
0	835	1266	847	1282
0	689	1284	1089	1320
0	271	1285	455	1316
0	579	1321	640	1349
0	884	1423	911	1448
0	789	1481	838	1502
0	1070	1481	1146	1510
0	766	1514	787	1534
0	892	1607	957	1636
0	955	1636	1028	1662
0	444	1666	460	1687
0	409	1727	464	1751
0	1037	1728	1053	1746
0	566	1785	659	1808
