0	541	323	928	395
0	644	509	827	542
0	597	865	865	936
0	613	1026	852	1072
0	645	1213	815	1244
0	273	275	363	303
0	273	423	471	454
0	308	457	380	477
0	399	608	565	637
0	273	611	338	633
0	1072	644	1097	663
0	1138	675	1268	702
0	251	709	267	733
0	229	774	302	794
0	663	774	679	798
0	1252	774	1268	798
0	533	807	549	831
0	696	807	771	827
0	380	808	456	827
0	271	952	301	974
0	653	956	674	976
0	1024	956	1040	980
0	731	962	759	983
0	375	985	443	1025
0	222	992	238	1016
0	367	1088	406	1118
0	271	1096	311	1119
0	915	1122	931	1146
0	627	1122	655	1149
0	592	1150	649	1188
0	227	1155	242	1175
0	500	1272	583	1293
0	285	1273	360	1301
0	633	1275	649	1298
0	972	1306	1111	1335
0	429	1308	543	1336
0	1138	1315	1218	1335
0	241	1340	257	1364
0	1058	1342	1122	1364
0	666	1371	1005	1399
0	1012	1374	1085	1393
0	476	1375	548	1393
0	331	1486	425	1510
0	292	1549	374	1569
0	873	1581	1065	1610
0	496	1582	516	1601
0	447	1615	498	1638
0	1123	1615	1154	1638
0	306	1649	401	1673
0	622	1650	758	1672
0	462	1654	546	1672
0	644	1680	715	1703
0	766	1712	821	1739
0	196	1713	226	1736
0	476	1714	517	1740
0	443	1746	474	1769
