0	777	484	944	515
0	326	485	548	515
0	223	522	590	551
0	922	592	1042	621
0	272	593	296	614
0	853	593	879	614
0	338	594	406	620
0	140	663	168	684
0	912	765	950	789
0	640	803	898	832
0	174	840	242	866
0	1193	871	1221	895
0	744	874	771	895
0	1203	901	1312	934
0	642	906	669	930
0	341	908	470	937
0	1128	942	1312	972
0	197	979	287	1000
0	272	1011	310	1034
0	652	1052	722	1076
0	140	1260	167	1281
0	993	1329	1099	1358
0	900	1332	926	1353
0	962	1367	990	1388
0	792	1402	819	1423
0	982	1432	1009	1456
0	1162	1506	1222	1535
0	940	1575	1000	1604
0	276	1683	303	1704
