0	353	422	1052	478
0	286	667	1188	850
0	455	1250	997	1355
0	194	240	426	270
0	912	240	1312	270
0	1118	274	1312	298
0	941	275	1094	305
0	247	276	276	298
0	196	309	414	336
0	509	311	631	340
0	1176	345	1207	374
0	173	380	324	409
0	328	482	376	518
0	220	488	267	518
0	555	490	586	519
0	140	560	171	589
0	1160	560	1311	589
0	954	630	1105	659
0	805	858	1117	887
0	1250	891	1311	917
0	487	893	794	922
0	1106	963	1312	992
0	1134	999	1321	1029
0	600	1002	668	1028
0	526	1034	650	1064
0	140	1035	326	1064
0	1266	1069	1319	1099
0	140	1105	209	1134
0	416	1141	537	1162
0	721	1141	751	1165
0	678	1176	709	1202
0	386	1209	537	1239
0	1092	1361	1122	1387
0	509	1363	540	1392
0	364	1395	399	1431
0	241	1397	322	1427
0	774	1397	894	1427
0	301	1436	327	1457
