0	540	350	882	433
0	273	573	1144	750
0	484	1124	938	1170
0	570	1430	849	1479
0	458	1639	961	1709
0	1063	280	1073	295
0	399	302	433	330
0	1008	303	1034	321
0	733	304	747	320
0	487	458	573	480
0	736	462	872	486
0	640	487	705	516
0	983	490	1023	518
0	1060	498	1080	513
0	1128	498	1145	513
0	589	797	805	832
0	1079	800	1106	826
0	361	833	388	860
0	926	834	1107	865
0	372	867	535	903
0	640	934	652	952
0	664	934	716	953
0	271	959	443	990
0	986	992	1020	1019
0	678	1020	704	1038
0	858	1027	870	1039
0	669	1073	734	1102
0	271	1074	330	1104
0	458	1074	544	1096
0	557	1079	622	1098
0	566	1196	657	1220
0	971	1197	1011	1227
0	1008	1286	1042	1314
0	797	1316	825	1346
0	858	1320	885	1346
0	951	1347	1146	1384
0	568	1352	660	1380
0	585	1386	649	1414
0	451	1386	537	1408
0	833	1506	895	1525
0	271	1531	478	1562
0	359	1589	514	1620
0	993	1589	1009	1611
0	1057	1589	1084	1616
0	738	1593	751	1612
0	837	1736	1140	1766
0	271	1769	339	1797
0	534	1773	551	1791
