0	480	319	940	389
0	505	545	917	615
0	611	269	762	299
0	794	274	834	292
0	824	414	888	438
0	880	446	896	462
0	819	473	903	499
0	963	473	1110	502
0	271	474	288	492
0	634	504	651	522
0	1113	1328	1139	1347
0	790	1489	828	1516
0	780	1599	852	1625
0	601	1599	627	1618
0	455	1600	472	1618
0	708	1628	738	1647
0	1113	1628	1139	1647
0	386	1654	414	1675
0	689	1659	701	1677
0	981	1659	998	1677
0	383	1704	467	1724
0	939	1707	956	1725
0	962	1734	994	1755
0	581	1736	607	1754
0	271	1764	288	1782
0	768	1764	799	1783
0	484	1765	496	1781
0	565	1790	651	1821
0	1078	1794	1109	1813
