0	580	327	955	363
0	566	444	963	522
0	590	1052	877	1124
0	440	1266	1029	1329
0	614	1383	845	1429
0	396	1497	1074	1535
0	554	1683	911	1776
0	313	276	334	295
0	465	395	528	414
0	920	572	944	584
0	401	595	604	623
0	1038	625	1125	653
0	701	630	717	653
0	640	637	656	653
0	307	695	323	719
0	502	723	628	752
0	331	841	425	864
0	498	905	511	925
0	362	907	434	925
0	1060	940	1137	959
0	548	968	605	989
0	743	969	798	997
0	944	970	980	993
0	410	1002	465	1030
0	412	1153	589	1181
0	734	1155	754	1174
0	1125	1183	1252	1212
0	891	1184	1031	1213
0	742	1193	759	1205
0	242	1565	383	1586
0	474	1565	502	1585
0	558	1565	583	1585
0	241	1599	281	1620
0	822	1634	904	1650
