0	367	473	1112	621
0	409	721	1077	825
0	467	1164	1022	1245
0	226	1623	1215	1697
0	584	215	627	244
0	690	215	739	244
0	1069	258	1099	276
0	1167	258	1195	278
0	544	320	607	349
0	1250	355	1313	384
0	712	390	747	419
0	836	646	878	667
0	947	646	987	667
0	622	681	652	700
0	716	681	744	701
0	446	843	568	889
0	256	850	429	898
0	734	900	749	921
0	525	935	593	961
0	685	971	721	1000
0	1195	1042	1312	1069
0	679	1043	729	1072
0	239	1077	355	1106
0	249	1296	312	1325
0	330	1296	373	1325
0	393	1296	442	1325
0	508	1296	543	1325
0	580	1332	599	1353
0	783	1332	851	1353
0	971	1332	1034	1361
0	321	1340	364	1361
0	382	1340	423	1361
0	440	1340	471	1358
0	487	1340	515	1359
0	734	1367	777	1396
0	795	1367	830	1396
0	896	1367	945	1396
0	724	1402	795	1423
0	293	1403	330	1424
0	348	1403	386	1424
0	730	1437	801	1459
0	922	1437	985	1466
0	1220	1542	1258	1571
0	260	1729	279	1750
