0	672	927	852	960
0	454	1139	1066	1206
0	510	1351	1015	1443
0	433	1512	1086	1630
0	438	1753	1066	1828
0	299	344	315	356
0	1284	377	1300	389
0	208	468	292	487
0	353	470	380	488
0	378	874	426	897
0	788	874	816	901
0	608	882	623	900
0	1138	1001	1152	1019
0	580	1019	735	1051
0	911	1020	983	1046
0	300	1022	366	1045
0	1052	1027	1075	1047
0	1117	1056	1145	1078
0	663	1057	854	1085
0	208	1060	237	1080
0	256	1060	473	1084
0	543	1060	618	1080
0	1163	1061	1303	1084
0	414	1093	439	1113
0	438	1235	504	1257
0	254	1238	384	1266
0	724	1241	868	1263
0	1232	1267	1304	1291
0	208	1273	222	1296
0	376	1273	404	1300
0	383	1465	449	1487
0	933	1650	1154	1678
0	485	1718	513	1745
