0	582	347	837	383
0	274	610	1064	741
0	305	1190	1046	1271
0	470	1446	949	1508
0	274	1591	1052	1721
0	693	300	779	327
0	670	310	682	322
0	402	408	512	436
0	667	408	722	436
0	932	408	1006	436
0	587	439	621	467
0	851	466	926	494
0	1061	496	1140	522
0	797	497	865	516
0	271	524	345	550
0	375	526	401	544
0	545	533	557	545
0	603	533	613	549
0	1033	533	1050	549
0	271	561	289	576
0	1081	761	1091	777
0	571	789	583	801
0	646	807	860	842
0	925	874	964	904
0	701	906	735	934
0	287	907	313	925
0	866	935	938	964
0	716	992	765	1013
0	1104	994	1117	1012
0	271	1019	298	1046
0	884	1030	897	1046
0	384	1050	544	1079
0	603	1050	865	1085
0	470	1087	535	1115
0	1072	1089	1137	1113
0	348	1090	423	1111
0	311	1093	335	1113
0	475	1120	492	1138
0	339	1298	556	1335
0	912	1298	966	1335
0	879	1308	896	1326
0	687	1309	693	1325
0	539	1335	635	1365
0	763	1374	776	1392
0	892	1400	993	1427
0	293	1536	307	1551
0	641	1743	682	1761
0	810	1743	836	1761
