0	509	476	934	538
0	588	823	855	889
0	497	1069	951	1147
0	416	1232	1022	1310
0	555	1417	894	1490
0	444	1566	998	1647
0	250	360	360	381
0	1070	360	1089	381
0	651	395	686	424
0	748	395	775	424
0	511	430	534	451
0	250	601	271	622
0	925	601	946	622
0	313	601	328	621
0	250	635	352	656
0	600	670	619	691
0	250	740	276	769
0	892	740	927	769
0	445	775	458	796
0	360	777	381	798
0	947	951	983	980
0	1004	1021	1043	1047
0	331	1173	643	1209
0	660	1179	718	1208
0	932	1335	1027	1356
0	557	1369	576	1390
0	832	1369	927	1390
0	696	1517	727	1546
0	544	1710	559	1721
