0	423	306	1057	509
0	324	797	1166	878
0	428	1073	1060	1105
0	387	1189	1099	1416
0	247	1557	1235	1742
0	813	223	874	244
0	938	223	990	244
0	791	258	834	279
0	853	258	893	279
0	958	258	998	279
0	737	533	807	554
0	1026	533	1097	554
0	223	567	296	596
0	1228	567	1296	591
0	1066	602	1115	631
0	234	673	297	702
0	655	751	682	772
0	851	908	923	937
0	944	908	1007	937
0	1026	908	1085	937
0	1152	908	1200	937
0	954	951	1017	972
0	1034	951	1086	972
0	1102	951	1145	972
0	1161	951	1201	972
0	1218	951	1258	972
0	174	985	202	1003
