0	566	410	851	476
0	353	1012	996	1108
0	273	1291	1144	1421
0	503	1545	916	1608
0	802	271	818	291
0	433	302	566	331
0	603	303	619	321
0	750	308	764	321
0	409	362	425	384
0	345	368	361	386
0	587	368	600	387
0	743	526	764	548
0	402	532	423	548
0	1005	584	1145	614
0	763	590	786	606
0	476	617	592	644
0	396	620	436	644
0	815	658	831	676
0	879	659	902	675
0	461	692	670	720
0	681	692	694	716
0	821	693	837	711
0	882	694	907	715
0	1012	694	1037	715
0	595	720	645	748
0	689	721	739	749
0	271	721	297	739
0	937	721	977	751
0	759	779	846	801
0	523	781	627	809
0	696	812	736	831
0	802	835	829	862
0	732	840	748	858
0	1004	840	1017	858
0	779	871	794	887
0	662	925	758	956
0	271	958	366	989
0	523	961	538	977
0	636	961	827	985
0	345	1130	411	1149
0	1015	1163	1028	1176
0	394	1185	407	1209
0	878	1192	891	1204
0	1070	1216	1086	1234
0	1134	1221	1147	1234
0	760	1633	776	1651
0	558	1719	584	1737
0	715	1719	755	1737
0	806	1719	841	1745
0	772	1748	875	1776
0	374	1779	389	1797
