0	274	326	1053	554
0	303	692	1116	755
0	509	1008	910	1071
0	510	1148	907	1210
0	552	1420	870	1458
0	310	1548	1109	1591
0	532	1665	888	1704
0	442	1804	979	1842
0	271	269	298	295
0	563	274	651	295
0	669	593	911	622
0	920	623	1023	650
0	640	784	700	813
0	1048	784	1146	813
0	995	788	1018	814
0	442	840	591	867
0	1022	840	1118	871
0	992	875	1019	896
0	296	897	394	923
0	606	902	742	926
0	891	902	917	920
0	296	927	328	957
0	701	932	789	953
0	642	1082	681	1106
0	728	1082	767	1106
0	345	1084	407	1103
0	881	1084	957	1105
0	846	1085	870	1106
0	935	1107	1000	1135
0	464	1113	490	1131
0	813	1114	826	1130
0	936	1231	1103	1261
0	1135	1233	1147	1257
0	657	1263	742	1290
0	1056	1263	1124	1291
0	461	1295	511	1323
0	561	1295	611	1323
0	651	1324	761	1353
0	969	1326	996	1347
0	1104	1330	1141	1350
0	357	1353	580	1381
0	980	1353	1044	1381
0	664	1354	726	1373
0	462	1385	533	1403
0	958	1480	1032	1503
0	1080	1485	1146	1504
0	496	1512	566	1533
0	485	1620	591	1651
0	603	1622	669	1641
0	952	1622	986	1649
0	1094	1724	1122	1746
0	777	1725	826	1746
0	734	1735	746	1747
0	599	1756	625	1775
0	271	1758	299	1776
0	513	1758	528	1776
0	711	1758	739	1776
