0	682	440	803	511
0	617	572	866	613
0	652	669	836	742
0	687	954	801	1019
0	511	1159	969	1197
0	667	1401	820	1434
0	465	178	564	207
0	396	263	493	295
0	857	311	1045	349
0	620	314	781	346
0	674	365	716	388
0	983	369	1017	393
0	394	755	481	784
0	218	757	328	784
0	988	806	1022	838
0	1087	806	1121	838
0	227	808	456	836
0	761	857	791	880
0	682	908	844	938
0	465	1098	510	1126
0	876	1106	890	1119
0	231	1338	247	1359
0	1128	1338	1197	1366
0	236	1525	278	1554
0	742	1525	784	1554
0	578	1632	728	1660
0	607	1716	788	1749
0	855	1716	1036	1749
0	1136	1716	1301	1749
0	252	1767	564	1800
0	775	1770	917	1798
0	1150	1770	1232	1792
