0	308	393	1144	559
0	383	610	1021	682
0	299	965	1103	1061
0	258	1156	1194	1340
0	162	1606	1241	1702
0	409	1795	996	1877
0	418	171	540	200
0	588	171	740	206
0	225	180	249	198
0	1241	254	1312	283
0	196	296	381	326
0	624	299	661	328
0	318	575	414	604
0	432	695	493	725
0	665	738	736	768
0	802	738	863	768
0	1199	738	1304	768
0	357	739	377	760
0	970	739	996	760
0	140	780	293	809
0	303	780	399	809
0	663	782	703	803
0	976	839	1118	862
0	1174	881	1312	904
0	805	923	814	944
0	191	1070	281	1099
0	418	1070	504	1099
0	270	1349	279	1370
0	642	1351	712	1374
0	513	1519	584	1548
0	963	1710	1226	1743
0	221	1712	293	1739
0	667	1713	762	1737
0	577	1754	607	1781
0	488	1762	511	1781
