0	324	1359	1166	1456
0	393	338	420	359
0	174	373	201	394
0	701	479	731	500
0	798	479	824	500
0	1216	479	1306	500
0	742	482	765	503
0	1106	510	1134	539
0	865	516	888	537
0	824	522	853	540
0	921	522	949	540
0	1273	557	1301	575
0	263	592	291	610
0	624	672	662	701
0	712	746	738	767
0	972	746	999	767
0	792	779	883	814
0	902	780	978	804
0	1253	788	1278	801
0	226	815	253	836
0	473	815	505	836
0	797	815	806	836
0	1184	815	1211	836
0	973	918	1090	949
0	1154	918	1305	949
0	710	922	736	943
0	862	952	909	988
0	929	952	976	988
0	1056	952	1119	988
0	423	992	449	1013
0	902	999	949	1020
0	1028	1027	1188	1054
0	932	1034	978	1055
0	783	1069	795	1082
0	245	1093	292	1129
0	1027	1096	1053	1117
0	207	1131	237	1152
0	305	1131	398	1154
0	503	1133	597	1161
0	250	1135	273	1156
0	1181	1139	1223	1160
0	962	1163	1008	1199
0	341	1166	368	1187
0	720	1202	747	1223
0	1072	1202	1151	1223
0	519	1209	560	1230
0	219	1238	303	1262
0	382	1238	466	1259
0	1133	1273	1159	1294
0	1141	1308	1167	1329
0	817	1472	892	1504
0	388	1506	451	1542
0	763	1511	810	1540
0	1275	1546	1302	1567
0	329	1613	370	1643
0	424	1613	483	1643
0	804	1613	846	1643
0	436	1644	562	1674
0	808	1654	821	1666
