0	199	233	653	347
0	870	267	1269	332
0	319	635	540	671
0	320	794	539	855
0	159	940	700	1297
0	771	1250	1364	1696
0	231	1431	627	1512
0	621	134	689	158
0	1288	135	1340	157
0	1212	229	1239	244
0	1064	414	1323	441
0	267	422	341	446
0	958	447	1086	468
0	130	448	304	476
0	495	451	513	473
0	598	480	648	504
0	362	508	486	532
0	550	516	574	531
0	184	540	202	561
0	601	561	682	590
0	1251	686	1280	701
0	566	693	676	714
0	1231	704	1366	734
0	979	715	994	727
0	130	721	195	742
0	373	723	423	749
0	708	726	727	747
0	769	734	805	764
0	1029	745	1044	757
0	540	761	555	773
0	1229	831	1243	843
0	1109	851	1137	878
0	799	978	813	990
0	1015	999	1066	1026
0	1120	1002	1137	1020
0	905	1008	919	1020
0	1259	1036	1273	1048
0	770	1060	785	1081
0	936	1173	1264	1202
0	318	1309	410	1330
0	395	1337	569	1360
0	587	1337	720	1360
0	536	1364	586	1390
0	335	1372	364	1387
0	130	1393	181	1420
0	198	1537	217	1559
0	420	1542	444	1558
0	651	1562	730	1591
0	266	1565	334	1589
0	355	1565	369	1583
0	130	1591	182	1620
0	518	1631	546	1646
0	310	1653	407	1672
0	481	1659	510	1674
0	313	1683	336	1704
0	391	1683	414	1704
0	1147	1708	1173	1735
0	267	1738	333	1764
0	660	1741	677	1759
0	185	1746	208	1761
