0	461	374	982	443
0	499	521	950	582
0	619	770	825	807
0	675	883	773	921
0	521	1001	922	1073
0	484	1317	960	1365
0	615	1626	826	1662
0	331	325	380	349
0	305	461	422	490
0	330	599	504	630
0	595	602	624	626
0	1113	602	1136	623
0	405	637	428	658
0	982	637	1021	661
0	250	669	378	698
0	609	669	716	698
0	389	670	538	699
0	305	948	369	978
0	330	1090	416	1118
0	479	1090	510	1116
0	728	1157	751	1180
0	956	1161	975	1182
0	364	1193	430	1223
0	723	1227	887	1258
0	250	1230	314	1259
0	364	1268	382	1287
0	334	1386	396	1415
0	1161	1387	1195	1414
0	642	1395	657	1415
0	725	1395	742	1408
0	489	1420	553	1450
0	1107	1422	1135	1443
0	1064	1454	1194	1485
0	814	1457	839	1478
0	580	1492	605	1513
0	250	1523	494	1555
0	585	1528	601	1549
0	1004	1528	1013	1549
0	573	1563	609	1589
0	333	1683	364	1705
0	432	1683	470	1705
0	815	1719	840	1740
