0	588	761	854	793
0	599	1303	844	1347
0	457	1566	985	1604
0	559	1721	883	1759
0	368	321	389	344
0	947	594	977	618
0	282	664	374	685
0	500	700	530	726
0	1131	822	1194	852
0	733	823	756	844
0	941	857	1121	887
0	1134	857	1198	887
0	250	857	356	886
0	367	857	547	886
0	558	857	738	886
0	750	857	930	886
0	250	892	347	921
0	416	892	583	921
0	312	965	347	993
0	823	997	1087	1028
0	574	1000	597	1021
0	778	1000	801	1021
0	988	1033	1187	1063
0	250	1069	450	1098
0	470	1069	672	1098
0	692	1069	892	1098
0	914	1069	1114	1098
0	1135	1069	1199	1098
0	250	1104	378	1133
0	444	1104	640	1133
0	500	1140	598	1166
0	608	1141	631	1165
0	380	1147	409	1166
0	754	1179	1220	1202
0	587	1182	601	1202
0	250	1214	479	1237
0	575	1217	600	1237
0	667	1217	688	1237
0	1014	1217	1040	1235
0	798	1361	866	1397
0	331	1364	361	1393
0	711	1364	788	1393
0	571	1400	751	1427
0	955	1400	1003	1429
0	1098	1400	1113	1420
0	1158	1400	1196	1421
0	727	1435	750	1462
0	1139	1435	1187	1464
0	331	1632	384	1653
0	1140	1632	1193	1653
0	305	1659	353	1688
