0	441	405	995	477
0	635	623	811	662
0	373	811	1071	876
0	553	1025	895	1098
0	509	1146	940	1218
0	290	1351	1105	1424
0	306	1548	1093	1614
0	461	1692	987	1765
0	486	573	559	603
0	768	575	781	596
0	333	690	403	721
0	1127	690	1200	721
0	892	693	971	722
0	250	726	389	758
0	517	902	644	940
0	660	902	787	940
0	671	942	795	972
0	856	942	1006	974
0	727	979	750	1000
0	298	986	327	1004
0	881	986	910	1004
0	323	1241	338	1254
0	355	1241	380	1259
0	445	1241	470	1259
0	503	1301	652	1331
0	250	1304	390	1328
0	1023	1310	1085	1330
0	618	1451	773	1497
0	574	1641	762	1672
0	923	1645	1063	1669
