0	619	415	825	485
0	393	1328	1050	1425
0	757	322	999	351
0	330	502	398	532
0	1072	505	1095	526
0	636	540	663	561
0	704	540	727	561
0	394	609	580	638
0	828	644	1050	670
0	476	645	510	669
0	1095	680	1121	701
0	1163	680	1187	701
0	759	715	786	736
0	366	817	387	841
0	1035	926	1069	950
0	936	994	957	1018
0	574	1031	609	1057
0	1080	1031	1110	1058
0	586	1110	602	1129
0	413	1138	447	1162
0	894	1170	915	1193
0	331	1205	352	1228
0	934	1241	1013	1270
0	741	1275	869	1305
0	566	1277	585	1298
0	626	1277	656	1298
0	332	1443	395	1472
0	463	1443	529	1472
0	1069	1478	1198	1507
0	811	1479	1003	1507
0	250	1480	269	1501
0	250	1513	372	1542
0	712	1514	737	1542
0	1118	1514	1137	1535
0	895	1515	904	1535
0	469	1522	485	1535
0	250	1550	287	1572
0	1068	1582	1196	1612
0	895	1584	912	1605
0	946	1619	969	1640
