0	585	530	803	567
0	479	729	907	773
0	329	988	1059	1069
0	486	1299	902	1340
0	1077	260	1156	289
0	490	262	548	291
0	676	439	740	461
0	151	473	171	494
0	200	602	261	630
0	465	635	544	664
0	1192	671	1243	700
0	1164	790	1243	820
0	797	863	820	884
0	815	893	1158	926
0	140	899	161	920
0	543	899	566	920
0	811	934	869	965
0	1018	934	1091	963
0	647	1136	705	1165
0	769	1136	842	1165
0	1125	1168	1250	1197
0	140	1204	227	1233
0	584	1486	614	1515
0	721	1486	749	1515
0	902	1620	925	1641
0	829	1656	852	1677
0	1044	1687	1074	1711
