0	568	292	1012	371
0	530	661	1050	747
0	554	817	1027	904
0	602	973	979	1055
0	611	1210	970	1294
0	649	1685	932	1764
0	655	1836	926	1914
0	508	190	565	220
0	1129	193	1207	214
0	782	398	907	430
0	280	402	292	424
0	249	410	264	431
0	459	455	518	486
0	813	464	831	478
0	898	464	913	485
0	967	770	1042	801
0	331	928	407	950
0	696	1079	772	1101
0	706	1309	763	1340
0	1210	1309	1285	1340
0	441	1311	497	1340
0	932	1311	1001	1340
0	1346	1428	1361	1442
0	592	1473	648	1502
0	718	1473	787	1502
0	273	1530	352	1551
0	1009	1583	1081	1610
0	602	1631	976	1669
