0	519	227	610	253
0	802	227	893	254
0	652	228	725	258
0	936	228	1009	258
0	1146	268	1308	306
0	585	272	624	301
0	599	307	981	343
0	250	311	300	349
0	374	354	671	392
0	1096	354	1300	392
0	888	398	1099	436
0	495	403	593	429
0	878	444	1092	480
0	698	446	782	477
0	295	447	396	473
0	1140	448	1239	476
0	787	531	895	568
0	685	533	713	557
0	1083	577	1095	600
0	353	618	565	654
0	986	618	1198	654
0	649	621	665	651
0	250	661	492	697
0	569	664	790	693
0	988	664	1030	702
0	489	705	521	741
0	838	709	992	736
0	483	751	533	781
0	839	753	1044	783
0	250	792	479	829
0	552	792	790	829
0	315	834	678	872
0	547	883	590	921
0	1023	883	1268	924
0	1184	970	1227	1008
0	1032	978	1052	993
0	250	1013	495	1054
0	1094	1013	1153	1042
0	816	1145	859	1183
0	336	1189	577	1225
0	250	1225	418	1261
0	250	1327	270	1342
0	406	1490	509	1526
