0	578	548	974	592
0	626	728	926	769
0	607	909	944	953
0	513	1140	1036	1178
0	556	1437	1035	1554
0	611	1675	943	1721
0	346	224	452	260
0	991	227	1131	258
0	1238	236	1267	252
0	636	270	729	302
0	1098	271	1125	295
0	817	280	838	302
0	1012	316	1040	345
0	933	441	962	470
0	326	492	354	516
0	963	625	995	661
0	319	635	353	656
0	608	679	637	700
0	364	799	381	831
0	731	807	971	837
0	1283	980	1300	1012
0	449	987	551	1019
0	726	997	755	1018
0	559	1029	699	1065
0	1272	1031	1300	1061
0	1049	1258	1157	1287
0	432	1309	448	1325
0	612	1309	647	1330
0	250	1352	284	1373
0	558	1396	587	1417
0	349	1576	468	1606
0	545	1584	561	1599
