0	554	226	707	262
0	782	226	932	262
0	332	269	485	305
0	567	269	734	305
0	476	356	719	392
0	798	356	1099	392
0	597	400	718	436
0	804	400	925	436
0	363	412	379	427
0	641	488	704	524
0	731	488	852	524
0	939	488	1060	524
0	449	531	696	568
0	779	531	1035	568
0	390	575	608	611
0	688	575	909	611
0	250	618	313	654
0	864	618	956	654
0	1133	618	1306	654
0	250	661	489	698
0	1190	707	1231	739
0	250	752	291	783
0	1237	792	1300	829
0	723	805	739	820
0	993	837	1112	873
0	250	880	369	917
0	532	880	650	917
0	837	880	956	917
0	463	924	526	960
0	985	924	1230	960
0	250	968	512	1004
0	730	1011	821	1048
0	1249	1065	1265	1080
0	1000	1139	1140	1177
0	1242	1185	1300	1221
0	250	1229	425	1265
0	506	1229	754	1266
0	484	1270	691	1308
0	435	1315	639	1353
0	490	1358	875	1396
0	277	1370	293	1386
0	758	1414	774	1429
0	961	1446	1053	1483
0	1131	1449	1172	1480
0	1250	1449	1291	1480
