0	418	237	1026	403
0	405	711	1029	789
0	261	1070	1174	1117
0	386	1260	1049	1325
0	241	416	269	445
0	668	455	707	479
0	723	455	762	479
0	779	455	802	476
0	846	455	867	476
0	1125	525	1195	551
0	488	533	504	552
0	360	628	451	657
0	211	1147	237	1174
0	675	1352	860	1382
0	216	1363	242	1382
0	261	1363	288	1382
0	287	1460	390	1489
0	915	1560	934	1590
0	350	1596	621	1633
0	829	1601	912	1622
0	734	1631	795	1667
0	859	1631	891	1664
0	308	1636	388	1660
0	180	1670	264	1699
0	363	1679	380	1692
0	330	1741	433	1770
