0	590	193	790	226
0	423	350	957	448
0	196	704	1121	818
0	385	970	1003	1051
0	550	1159	837	1198
0	386	1280	995	1347
0	457	1426	929	1524
0	630	138	646	159
0	466	139	537	162
0	828	306	844	318
0	364	549	491	580
0	1104	584	1140	610
0	1201	584	1236	613
0	1164	619	1243	640
0	712	627	737	639
0	891	654	968	675
0	429	849	486	878
0	843	849	857	876
0	875	857	891	876
0	716	884	731	911
0	802	892	818	911
0	586	919	713	951
0	1210	927	1235	940
0	329	1070	345	1091
0	265	1104	349	1134
0	821	1105	862	1126
0	537	1725	553	1760
0	787	1760	803	1795
0	680	1761	744	1791
