0	208	212	1241	301
0	207	1377	1231	1458
0	292	163	322	184
0	388	163	415	184
0	332	166	355	186
0	258	329	287	356
0	306	329	472	356
0	540	329	567	350
0	955	329	1042	350
0	1118	330	1190	351
0	795	364	876	385
0	943	364	1024	385
0	846	470	917	491
0	1003	645	1110	672
0	878	1054	910	1083
0	820	1061	859	1087
0	965	1061	1004	1087
0	976	1225	988	1248
0	682	1229	709	1253
0	1107	1270	1123	1283
0	837	1301	860	1322
0	798	1307	827	1325
0	893	1307	921	1325
0	422	1334	450	1361
0	517	1334	545	1361
0	619	1342	648	1360
0	712	1342	740	1360
0	1192	1492	1217	1510
0	1288	1492	1313	1510
0	1275	1520	1302	1541
0	317	1556	487	1580
0	418	1736	432	1748
