0	185	362	1151	459
0	287	540	1093	607
0	261	813	1122	856
0	304	1010	1083	1082
0	438	1560	937	1629
0	250	138	296	164
0	875	138	948	167
0	903	168	919	204
0	745	208	818	237
0	720	240	838	275
0	290	244	361	270
0	488	285	513	298
0	296	489	319	510
0	377	489	397	510
0	180	521	210	544
0	885	624	908	645
0	545	659	565	680
0	846	694	867	715
0	703	729	717	755
0	819	729	842	750
0	783	737	809	750
0	492	756	510	785
0	775	756	803	788
0	615	772	630	785
0	223	882	260	914
0	327	882	363	914
0	643	951	681	988
0	140	958	167	980
0	229	958	256	980
0	589	1112	626	1148
0	910	1120	931	1141
0	643	1182	680	1220
0	326	1185	384	1215
0	1078	1261	1157	1290
0	265	1299	288	1320
0	651	1299	672	1320
0	1171	1361	1189	1390
0	591	1369	611	1390
0	675	1369	698	1390
0	726	1396	763	1434
0	140	1400	168	1432
0	815	1406	835	1427
0	140	1441	163	1462
0	453	1478	473	1499
0	243	1693	266	1714
0	940	1728	1096	1755
0	832	1764	846	1790
0	1084	1764	1170	1790
