0	533	643	952	682
0	652	1714	839	1758
0	973	714	1316	745
0	318	715	410	745
0	174	756	323	787
0	870	758	962	787
0	1131	758	1237	787
0	473	798	565	829
0	629	800	791	829
0	873	925	1027	955
0	1210	925	1316	955
0	174	968	303	999
0	409	968	626	999
0	647	968	876	999
0	723	1010	825	1033
0	1010	1137	1113	1160
0	790	1181	818	1207
0	881	1306	1032	1336
0	1212	1306	1318	1336
0	174	1347	300	1377
0	788	1347	973	1377
0	990	1347	1216	1377
0	769	1515	865	1539
0	741	1560	769	1586
0	1025	1642	1128	1672
0	1250	1643	1316	1672
0	174	1685	270	1715
