0	312	547	1174	643
0	546	760	940	850
0	532	1217	956	1286
0	410	1438	1070	1486
0	558	1707	923	1745
0	529	183	555	207
0	1152	279	1239	306
0	660	318	705	341
0	174	356	282	383
0	1067	384	1314	419
0	976	388	1010	411
0	333	388	506	417
0	804	397	832	418
0	483	422	514	457
0	916	427	930	453
0	1226	433	1243	452
0	711	458	937	494
0	1001	458	1306	494
0	597	669	715	705
0	856	669	1087	692
0	1156	669	1314	699
0	174	704	371	734
0	781	1019	944	1051
0	566	1022	631	1052
0	1048	1022	1313	1051
0	174	1057	245	1086
0	635	1090	658	1114
0	1187	1127	1304	1158
0	487	1157	634	1193
0	1112	1164	1129	1191
0	533	1311	688	1342
0	373	1315	390	1342
0	1129	1350	1146	1378
0	809	1358	826	1371
0	207	1381	241	1405
0	1224	1511	1318	1543
0	174	1546	309	1578
0	353	1551	428	1571
0	1069	1582	1240	1613
0	335	1583	450	1613
0	761	1585	960	1609
0	534	1592	550	1605
0	636	1620	653	1647
0	865	1649	882	1682
0	443	1651	485	1683
0	375	1656	391	1677
0	528	1656	545	1683
