0	521	549	838	586
0	532	774	831	840
0	535	890	823	957
0	627	1089	732	1156
0	514	1362	844	1434
0	531	1567	830	1648
0	475	184	521	213
0	1090	252	1131	283
0	1173	252	1214	288
0	353	328	363	348
0	429	328	443	354
0	1173	357	1214	393
0	1071	359	1112	389
0	1071	465	1113	488
0	361	474	374	487
0	229	610	245	631
0	877	644	965	673
0	1028	644	1120	673
0	623	679	699	708
0	763	679	845	708
0	662	977	701	999
0	694	1014	710	1035
0	902	1050	918	1071
0	1051	1050	1067	1071
0	346	1180	369	1201
0	506	1490	522	1511
0	432	1498	445	1510
0	999	1669	1026	1692
0	418	1708	441	1729
