0	421	328	1131	409
0	409	430	1145	522
0	413	533	1139	624
0	503	1098	1049	1142
0	370	1223	1229	1425
0	435	1446	1117	1489
0	1239	645	1305	674
0	1148	652	1168	668
0	250	688	376	718
0	926	688	1045	718
0	478	696	494	711
0	1284	696	1300	711
0	1024	731	1067	755
0	250	772	455	808
0	1151	772	1179	800
0	1262	774	1300	800
0	384	823	466	846
0	545	823	686	846
0	890	857	1193	901
0	776	902	788	925
0	1130	903	1300	932
0	447	910	467	925
0	544	910	560	925
0	316	946	332	976
0	566	946	797	976
0	884	986	1300	1026
0	894	1511	986	1547
0	451	1684	492	1713
0	871	1685	940	1721
0	1229	1696	1248	1711
