0	422	583	1024	623
0	604	1369	837	1421
0	476	1529	967	1573
0	550	322	590	351
0	465	325	478	346
0	915	326	991	347
0	606	357	734	387
0	315	430	408	456
0	999	489	1103	515
0	775	522	1116	552
0	705	669	747	690
0	250	697	347	720
0	659	763	707	794
0	770	766	783	787
0	282	805	301	823
0	462	833	488	862
0	947	977	970	998
0	801	1011	1055	1041
0	757	1045	1195	1075
0	250	1115	493	1145
0	824	1173	865	1209
0	726	1178	763	1202
0	928	1208	1039	1243
0	326	1210	392	1239
0	1048	1210	1187	1239
0	525	1213	560	1237
0	871	1281	1009	1309
0	1116	1312	1195	1341
0	465	1437	535	1473
0	662	1474	736	1504
0	921	1603	1195	1635
0	306	1642	457	1671
0	990	1676	1045	1705
0	721	1678	741	1705
0	622	1712	642	1740
