0	649	923	798	963
0	626	1147	821	1185
0	508	1422	930	1460
0	823	322	911	351
0	615	325	656	349
0	902	427	1117	458
0	416	430	431	457
0	503	430	529	457
0	250	465	329	492
0	250	533	338	563
0	981	638	1068	667
0	625	673	731	704
0	792	673	908	704
0	444	709	532	739
0	422	744	649	774
0	725	864	763	893
0	1122	864	1139	891
0	421	979	438	1006
0	1042	1067	1194	1096
0	786	1205	1209	1236
0	250	1240	359	1272
0	528	1240	791	1269
0	824	1309	912	1330
0	825	1343	1098	1374
0	250	1344	338	1372
0	414	1345	462	1374
0	685	1345	722	1374
0	688	1376	812	1409
0	817	1729	854	1758
0	924	1729	949	1750
