0	484	1347	964	1434
0	972	360	995	381
0	1160	390	1195	421
0	904	395	927	416
0	373	430	398	451
0	1108	430	1133	451
0	945	437	961	457
0	431	465	457	486
0	577	570	603	591
0	817	638	843	659
0	643	676	722	697
0	250	775	284	804
0	353	775	413	804
0	1077	954	1156	975
0	348	1025	431	1046
0	417	1097	443	1118
0	708	1183	744	1212
0	845	1183	942	1215
0	283	1292	308	1313
0	543	1292	570	1313
0	331	1445	795	1477
0	400	1481	491	1511
0	1037	1481	1053	1509
0	724	1490	741	1503
0	321	1491	337	1503
0	1069	1491	1085	1503
0	401	1562	418	1575
0	901	1562	917	1575
0	1133	1583	1195	1616
0	1036	1585	1071	1616
0	1169	1625	1196	1646
0	285	1667	301	1680
0	757	1702	772	1721
0	335	1729	358	1750
