0	571	243	914	314
0	477	382	1012	453
0	444	576	1044	611
0	564	697	924	768
0	412	988	1074	1065
0	413	1189	1069	1227
0	282	1351	1202	1389
0	748	329	839	358
0	797	482	888	512
0	734	798	934	827
0	1032	831	1070	854
0	400	833	429	859
0	1129	833	1158	859
0	644	868	679	894
0	743	868	772	894
0	354	939	433	967
0	258	1095	395	1125
0	914	1097	1120	1123
0	1174	1097	1257	1123
0	806	1130	897	1160
0	174	1132	370	1158
0	423	1132	502	1158
0	699	1256	733	1279
0	748	1258	773	1279
0	835	1258	872	1284
0	1158	1417	1183	1443
0	637	1420	666	1446
0	683	1420	733	1446
0	794	1420	831	1446
0	679	1455	715	1481
0	777	1455	807	1481
0	1048	1488	1075	1512
0	232	1490	282	1516
0	301	1562	337	1586
0	1011	1628	1135	1655
0	238	1632	317	1659
0	450	1633	529	1659
0	730	1668	818	1694
0	330	1699	409	1728
0	470	1699	549	1728
