0	614	1509	832	1548
0	631	1625	813	1658
0	973	323	1034	351
0	377	326	438	352
0	536	355	570	379
0	634	355	670	379
0	808	391	840	414
0	711	395	736	416
0	865	396	994	422
0	922	462	958	485
0	794	463	852	493
0	799	533	898	562
0	330	604	347	632
0	1060	606	1096	630
0	890	746	922	775
0	967	746	1004	772
0	1030	1188	1047	1215
0	1056	1243	1196	1273
0	646	1244	662	1271
0	509	1278	745	1308
0	1172	1345	1188	1366
0	440	1375	683	1407
0	756	1375	1128	1406
0	250	1378	423	1410
0	983	1407	1082	1438
0	819	1413	887	1442
0	250	1448	322	1477
0	644	1448	784	1477
0	635	1571	658	1592
0	622	1694	639	1721
