0	632	243	857	306
0	489	715	992	793
0	664	889	825	960
0	631	1068	857	1139
0	995	186	1131	215
0	591	338	617	359
0	681	338	708	359
0	1141	345	1164	365
0	1215	371	1306	401
0	220	373	248	399
0	712	403	922	441
0	174	439	384	475
0	292	578	423	614
0	1049	579	1165	617
0	772	584	1030	615
0	174	652	192	681
0	873	824	889	845
0	240	857	461	888
0	970	1003	1087	1041
0	1154	1009	1313	1038
0	455	1156	516	1192
0	826	1156	860	1180
0	966	1156	1003	1180
0	1071	1156	1214	1192
0	260	1156	297	1183
0	914	1192	1032	1230
0	371	1196	445	1220
0	462	1232	581	1267
0	619	1573	669	1597
0	885	1573	924	1597
0	306	1574	382	1603
0	316	1688	451	1715
0	956	1688	1058	1709
0	1071	1697	1169	1713
