0	465	683	982	764
0	588	1047	856	1128
0	303	1173	1077	1246
0	501	1506	942	1607
0	525	1685	916	1766
0	429	321	579	351
0	411	354	432	383
0	765	396	901	425
0	250	464	275	488
0	552	465	736	495
0	293	468	470	494
0	969	474	985	494
0	516	500	733	529
0	963	535	1181	565
0	1142	570	1194	600
0	997	603	1027	633
0	308	607	359	636
0	250	637	473	675
0	697	778	1083	809
0	627	917	783	946
0	1138	954	1201	983
0	620	957	659	983
0	250	990	422	1019
0	487	992	618	1018
0	622	1269	647	1287
0	646	1292	999	1327
0	333	1326	449	1353
0	250	1340	275	1358
0	937	1397	1187	1429
