0	604	271	887	349
0	612	500	878	560
0	364	641	1127	682
0	278	805	1135	876
0	615	1071	876	1131
0	487	1239	998	1306
0	435	1329	1055	1401
0	666	1469	821	1535
0	519	1658	970	1737
0	929	184	1020	213
0	1223	184	1314	213
0	1223	718	1314	747
0	952	720	970	741
0	775	727	789	740
0	804	727	831	747
0	916	727	934	747
0	677	907	835	942
0	428	945	446	966
0	976	978	1068	1007
0	652	1017	667	1037
0	1012	1148	1049	1172
0	1276	1148	1313	1172
0	587	1159	601	1178
0	1000	1187	1030	1213
0	237	1565	433	1594
0	590	1567	618	1591
0	276	1599	577	1634
