0	540	310	952	348
0	590	1354	900	1428
0	382	1611	1103	1646
0	469	180	507	216
0	566	180	601	216
0	580	214	696	246
0	758	215	878	248
0	1279	448	1314	477
0	657	453	696	476
0	714	455	755	483
0	230	483	269	519
0	722	490	757	511
0	823	490	861	519
0	243	524	451	553
0	1141	524	1157	545
0	1216	593	1304	623
0	400	595	416	616
0	674	663	766	693
0	1082	663	1156	693
0	1275	737	1313	766
0	657	982	692	1011
0	757	982	795	1011
0	458	1017	474	1038
0	241	1021	270	1043
0	337	1021	365	1043
0	659	1053	779	1082
0	798	1053	991	1082
0	225	1121	367	1151
0	529	1121	960	1151
0	979	1122	1175	1151
0	900	1190	1038	1220
0	610	1192	635	1213
0	698	1192	736	1221
0	1182	1192	1207	1213
0	1269	1192	1306	1218
0	670	1264	707	1288
0	277	1296	365	1325
0	891	1446	979	1475
0	686	1482	702	1503
0	579	1551	659	1580
0	256	1677	412	1709
0	431	1679	587	1709
0	820	1679	1139	1709
0	890	1714	1045	1749
0	174	1716	248	1745
0	1062	1716	1211	1746
0	413	1717	428	1738
