0	621	386	828	424
0	675	536	773	574
0	521	654	922	727
0	484	971	960	1018
0	615	1282	827	1318
0	522	1639	920	1718
0	329	441	500	472
0	588	446	617	470
0	330	481	353	502
0	558	481	581	502
0	1098	481	1137	505
0	386	517	396	536
0	305	602	369	631
0	330	744	416	772
0	479	744	510	768
0	728	813	751	836
0	956	815	975	836
0	364	849	430	878
0	723	883	887	914
0	250	884	314	913
0	364	924	382	943
0	334	1040	396	1069
0	1161	1043	1195	1070
0	642	1050	656	1063
0	725	1050	742	1063
0	491	1076	555	1106
0	1168	1078	1196	1099
0	1064	1110	1194	1141
0	837	1113	862	1134
0	580	1147	605	1168
0	250	1179	494	1211
0	585	1182	601	1203
0	1004	1182	1013	1203
0	573	1217	609	1243
0	333	1337	364	1359
0	432	1337	470	1359
0	815	1375	840	1396
0	840	1406	1004	1436
0	416	1445	441	1466
0	825	1445	845	1466
0	511	1478	563	1508
0	466	1480	491	1501
0	348	1513	408	1543
0	250	1514	282	1541
0	1093	1514	1118	1535
0	656	1550	738	1571
