0	519	182	979	393
0	562	448	933	684
0	692	740	808	771
0	611	841	886	911
0	595	1008	906	1078
0	555	1317	942	1353
0	683	1448	809	1491
0	665	1589	832	1626
0	569	1694	922	1755
0	323	703	350	721
0	364	703	406	721
0	595	703	616	715
0	670	703	684	715
0	203	943	228	958
0	432	943	460	961
0	501	943	543	961
0	1063	943	1154	961
0	282	967	344	988
0	130	971	227	987
0	564	971	577	986
0	203	1377	244	1398
0	793	1379	816	1397
0	1236	1386	1249	1402
0	1034	1386	1048	1401
0	521	1413	592	1429
0	1061	1517	1198	1545
0	620	1523	633	1538
0	529	1653	552	1669
