0	467	616	995	760
0	615	1007	827	1079
0	511	1304	932	1341
0	510	1503	933	1539
0	342	325	411	354
0	980	430	1021	451
0	808	465	992	494
0	1010	465	1195	494
0	588	497	623	521
0	308	499	426	528
0	880	499	1033	525
0	1103	499	1187	525
0	574	534	643	563
0	755	816	787	842
0	659	824	689	843
0	826	876	879	908
0	1047	877	1086	908
0	557	881	599	902
0	761	1176	799	1198
0	551	1372	657	1398
0	974	1375	1186	1406
0	950	1408	985	1431
0	586	1411	628	1432
0	697	1411	747	1441
0	333	1419	349	1431
0	851	1443	886	1466
0	379	1446	455	1467
0	389	1568	471	1603
0	732	1615	748	1628
0	1005	1615	1089	1635
0	909	1675	944	1698
0	565	1677	606	1698
