0	469	394	852	477
0	424	567	945	663
0	384	1359	942	1425
0	147	1548	1184	1629
0	229	291	268	312
0	508	291	523	303
0	146	317	274	346
0	440	326	457	339
0	146	352	199	381
0	263	352	322	381
0	834	490	899	519
0	298	492	318	513
0	188	499	280	512
0	604	525	662	554
0	726	525	785	554
0	350	690	363	702
0	424	690	440	702
0	1013	690	1029	702
0	1115	715	1180	745
0	196	718	276	739
0	218	816	299	836
0	834	857	921	870
0	416	958	445	978
0	196	1252	226	1279
0	808	1252	885	1273
0	229	1441	269	1470
0	481	1443	510	1463
0	578	1449	592	1461
0	409	1512	449	1541
