0	318	598	1012	639
0	407	761	919	807
0	499	818	821	859
0	476	954	849	1019
0	474	1044	848	1105
0	169	1301	1106	1370
0	546	1480	783	1540
0	539	1608	791	1668
0	566	277	674	306
0	487	410	566	441
0	178	447	218	476
0	667	447	697	476
0	797	482	837	511
0	612	516	631	543
0	1137	517	1180	541
0	928	669	965	695
0	788	700	980	729
0	230	876	386	902
0	228	1120	451	1149
0	472	1122	653	1152
0	731	1123	780	1147
0	195	1193	272	1214
0	229	1395	310	1426
0	621	1397	763	1424
0	838	1397	966	1425
0	985	1397	1115	1425
0	523	1430	582	1460
0	146	1432	207	1461
0	921	1432	951	1459
0	428	1564	458	1592
