0	858	721	1281	754
0	169	840	661	877
0	913	894	1229	934
0	788	1017	1322	1078
0	915	1130	1224	1169
0	995	1251	1139	1290
0	802	1372	1309	1412
0	770	1690	1383	1742
0	865	166	891	187
0	1184	584	1194	596
0	344	629	390	653
0	1003	641	1015	653
0	1344	664	1359	680
0	250	714	273	732
0	305	715	348	734
0	1280	841	1290	853
0	255	935	306	961
0	175	963	241	989
0	1194	965	1204	977
0	189	994	212	1010
0	294	1184	346	1211
0	405	1187	457	1211
0	997	1308	1021	1334
0	1087	1309	1128	1330
0	220	1422	230	1434
0	555	1451	567	1463
0	1000	1636	1016	1648
0	1124	1636	1140	1648
