0	180	482	1265	689
0	492	894	950	959
0	898	232	1004	261
0	1101	241	1133	262
0	781	279	865	307
0	525	283	537	304
0	912	721	1018	751
0	152	820	391	849
0	946	828	961	842
0	1162	996	1174	1009
0	679	1031	792	1060
0	1127	1079	1199	1112
0	203	1080	282	1110
0	444	1080	550	1110
0	495	1224	590	1254
0	611	1224	702	1254
0	1084	1299	1155	1330
0	408	1300	487	1330
0	322	1301	401	1322
0	188	1351	271	1372
0	871	1446	913	1469
0	928	1446	970	1469
0	1034	1446	1077	1469
0	1214	1447	1293	1476
0	1223	1498	1258	1527
0	152	1546	561	1576
0	826	1548	985	1574
0	626	1643	697	1673
0	152	1644	383	1673
0	902	1693	961	1722
