0	318	223	1104	327
0	393	483	1029	573
0	326	587	1101	652
0	532	875	896	935
0	516	960	917	1032
0	617	1260	808	1321
0	422	1346	1000	1401
0	430	1545	996	1601
0	233	345	251	373
0	193	376	223	405
0	409	376	571	419
0	646	384	664	411
0	111	420	263	458
0	604	670	697	715
0	187	671	530	715
0	1111	752	1176	782
0	187	1050	373	1086
0	559	1053	578	1080
0	1160	1085	1310	1123
0	709	1127	729	1154
0	111	1156	204	1201
0	1227	1164	1319	1194
0	194	1419	247	1448
0	846	1419	898	1448
0	548	1420	568	1441
0	1126	1454	1178	1483
0	330	1454	351	1475
0	547	1454	588	1480
0	111	1651	297	1681
0	667	1653	728	1682
0	1270	1688	1289	1715
0	1158	1721	1194	1751
0	562	1727	602	1748
0	219	1731	236	1744
0	177	1767	194	1780
0	555	1767	572	1780
0	496	1794	677	1823
0	1147	1795	1319	1824
