0	534	219	954	291
0	511	361	1023	507
0	610	611	876	680
0	586	765	902	801
0	444	1065	1041	1100
0	348	1664	1139	1733
0	409	1799	1076	1868
0	214	172	250	193
0	581	172	613	201
0	1259	516	1305	540
0	344	527	376	548
0	386	879	526	908
0	947	1136	1125	1166
0	1148	1136	1304	1166
0	174	1178	315	1208
0	380	1178	543	1208
0	1188	1181	1304	1207
0	258	1222	369	1249
0	737	1222	848	1249
0	339	1303	452	1333
0	270	1307	289	1328
0	340	1345	522	1376
0	267	1346	293	1368
0	920	1349	939	1370
0	821	1386	842	1416
0	436	1387	496	1410
0	337	1388	364	1410
0	950	1392	1094	1418
0	907	1397	930	1417
0	360	1429	420	1453
0	478	1429	504	1458
0	697	1429	729	1452
0	880	1429	1313	1461
0	519	1440	546	1459
0	174	1472	304	1504
0	689	1472	808	1499
0	955	1482	973	1495
0	479	1514	769	1540
0	308	1517	356	1538
0	632	1599	691	1622
0	988	1599	1154	1630
0	707	1599	901	1629
0	567	1601	585	1622
0	738	1746	842	1773
0	664	1748	691	1770
0	431	1751	450	1772
