0	362	1275	1087	1319
0	816	335	839	355
0	434	478	699	507
0	746	478	1012	507
0	1187	482	1197	501
0	1107	487	1121	500
0	1096	577	1108	598
0	362	629	397	651
0	449	638	461	651
0	152	675	251	704
0	365	675	463	704
0	1194	822	1296	852
0	152	871	315	901
0	362	871	626	901
0	425	920	653	949
0	152	922	186	943
0	393	968	455	992
0	577	968	946	999
0	323	970	355	991
0	424	1017	450	1047
0	596	1017	702	1047
0	944	1127	975	1148
0	899	1164	1063	1196
0	1183	1354	1218	1390
0	496	1409	871	1439
0	917	1409	1291	1439
0	1017	1453	1052	1490
0	364	1502	469	1539
0	1180	1550	1215	1587
