0	519	356	923	387
0	509	845	933	886
0	500	1139	944	1171
0	567	1258	877	1289
0	596	437	707	473
0	367	499	503	523
0	544	527	624	551
0	303	557	423	581
0	879	558	899	574
0	406	585	434	611
0	672	585	700	611
0	584	612	645	647
0	452	618	531	642
0	656	618	717	644
0	730	618	788	640
0	924	649	1097	685
0	467	654	495	675
0	543	654	557	672
0	303	686	452	724
0	901	692	980	716
0	725	693	766	713
0	792	721	819	742
0	659	751	725	773
0	496	752	583	773
0	629	780	657	801
0	688	780	708	798
0	971	780	991	798
0	929	908	1017	929
0	1117	908	1138	926
0	783	937	803	955
0	935	937	955	953
0	420	960	508	995
0	556	961	743	988
0	378	965	406	989
0	1104	965	1132	989
0	820	967	840	985
0	303	995	400	1030
0	445	1002	639	1023
0	420	1059	448	1085
0	714	1059	793	1085
0	920	1061	948	1082
0	480	1187	559	1213
0	881	1187	996	1213
0	496	1217	537	1238
0	525	1315	664	1341
0	427	1344	506	1368
0	763	1403	843	1427
0	596	1478	616	1502
0	1029	1539	1044	1557
0	457	1566	536	1590
0	303	1598	318	1616
0	671	1662	688	1683
0	407	1711	427	1729
0	952	1711	966	1727
0	980	1711	999	1729
0	835	1718	850	1730
0	781	1741	796	1759
0	969	1741	1068	1762
