0	1497	565	1572	631
0	1617	563	1727	632
0	1795	551	2327	633
0	2373	562	2543	631
0	2591	570	2635	617
0	667	638	1281	721
0	2507	649	2617	718
0	667	733	875	807
0	903	732	1087	807
0	1365	737	1431	793
0	2079	736	2161	806
0	714	824	766	880
0	1107	823	1142	881
0	1549	825	1567	879
0	2411	823	2476	879
0	1861	912	1912	967
0	2593	912	2643	967
0	1498	1000	1565	1055
0	1641	1000	1690	1055
0	2487	999	2539	1055
0	903	1089	959	1145
0	1414	1106	1441	1143
0	1844	1087	1941	1155
0	2391	1087	2445	1144
0	991	1481	1027	1519
0	1142	1463	1192	1519
0	1916	1480	1951	1519
0	2159	1462	2208	1519
0	1438	1540	1725	1621
0	1864	1570	1899	1608
0	2423	1552	2479	1608
0	2224	1659	2259	1697
0	786	1730	919	1799
0	1259	1909	1470	1981
0	1245	2077	2112	2223
0	1048	2290	1333	2363
0	1480	2291	1636	2347
0	1854	2280	2550	2363
0	679	2379	1100	2450
0	1676	2381	1725	2436
0	2249	2379	2467	2452
0	1355	2630	1880	2773
0	1911	2661	1964	2729
0	1697	2854	1746	2909
0	1877	2843	2163	2923
0	1065	3120	1289	3191
0	2088	3121	2143	3176
0	2311	3120	2407	3187
0	1543	3209	1599	3265
0	1768	3208	2104	3275
0	1780	3297	1877	3366
0	1919	3297	2155	3366
0	1668	3477	1724	3532
0	1887	3477	1942	3532
0	777	3564	1002	3636
0	1514	3564	1759	3636
0	1163	3654	1212	3710
0	1315	3643	1590	3724
0	1979	3653	2134	3724
0	2267	3673	2323	3722
0	2347	3674	2379	3710
0	2481	3656	2529	3711
0	971	3762	1007	3800
0	903	3917	1141	3986
0	1769	3908	2422	3990
0	838	4108	874	4146
0	1047	4108	1080	4146
0	1993	4092	2041	4147
0	2405	4092	2557	4160
0	687	4197	723	4234
0	900	4197	931	4234
0	1423	4180	1461	4246
0	1481	4180	1515	4249
0	1711	4179	1865	4248
0	2275	4182	2655	4251
0	689	4266	717	4322
0	1234	4267	1333	4334
0	1735	4268	1925	4336
0	2458	4662	2524	4712
0	2300	4751	2357	4799
0	2389	4751	2421	4788
0	2615	4752	2664	4788
0	1355	4820	1404	4875
0	1601	4820	1628	4876
0	2113	4822	2176	4877
0	1477	4910	1529	4964
0	2035	4928	2101	4979
0	2248	4911	2297	4966
0	877	5084	1197	5152
0	1345	5103	1380	5140
0	2478	5106	2535	5154
0	2567	5106	2615	5142
0	900	5259	1215	5328
0	1313	5256	1430	5330
0	1473	5262	1583	5328
0	1616	5280	1665	5317
0	1765	5280	1881	5318
0	1923	5262	2030	5318
0	918	5337	1515	5416
0	914	5427	2043	5504
0	893	5513	2220	5592
0	697	5606	1433	5677
0	1545	5698	1609	5765
0	2025	5699	2333	5766
0	2458	5700	2667	5766
0	697	5779	916	5850
0	1018	5784	1184	5839
0	1357	5784	1392	5840
0	2324	5864	2524	5940
0	1287	5957	1439	6025
0	2089	5961	2179	6014
0	1115	6044	1165	6098
0	1735	6218	1784	6272
0	2256	6238	2322	6286
0	691	6318	728	6356
0	1510	6322	1545	6358
0	2265	6307	2315	6361
0	800	6406	836	6443
0	1037	6406	1104	6456
0	2391	6394	2453	6448
0	3687	648	3808	718
0	4056	639	4161	707
0	4352	638	4597	707
0	4735	651	4827	707
0	2843	737	2877	794
0	3112	737	3297	805
0	3402	823	4175	999
0	3381	1051	4287	1195
0	3266	1244	3422	1314
0	3628	1233	3995	1313
0	2849	1331	2903	1386
0	3134	1348	3166	1386
0	3965	1331	4018	1386
0	3930	1414	4088	1485
0	4145	1435	4191	1455
0	4245	1415	4281	1472
0	4420	1433	4456	1471
0	4509	1423	4561	1465
0	4612	1413	4647	1471
0	4069	1756	4119	1812
0	4597	1755	4663	1810
0	3181	1859	3246	1910
0	3373	1841	3439	1897
0	4097	1841	4188	1897
0	4545	1859	4602	1906
0	4629	1858	4661	1895
0	4768	1839	4834	1905
0	2851	1944	2900	1981
0	3008	1927	3074	1982
0	3546	1927	3595	1982
0	3749	1927	3799	1983
0	4562	1925	4612	1981
0	2857	2096	2906	2151
0	4244	2096	4309	2152
0	2996	2181	3045	2237
0	3901	2176	4101	2250
0	2850	2265	2963	2321
0	3857	2253	4069	2333
0	4207	2265	4357	2322
0	3618	2349	4065	2421
0	4471	2349	4625	2419
0	3444	2437	3493	2492
0	3700	2437	3750	2492
0	4037	2437	4104	2492
0	3361	2517	3561	2592
0	3905	2541	3937	2578
0	4045	2517	4246	2592
0	4471	2539	4532	2591
0	2856	2626	2887	2663
0	3055	2608	3171	2664
0	3350	2626	3411	2677
0	3503	2607	3537	2665
0	4041	2609	4092	2665
0	4243	2603	4445	2678
0	2860	2773	3057	2847
0	3605	2765	3713	2834
0	4355	2777	4513	2847
0	4665	2777	4715	2833
0	3813	2859	4029	2933
0	4059	2860	4289	2933
0	3593	2937	4249	3018
0	4799	2947	4848	3003
0	4041	3052	4108	3101
0	3628	3117	3785	3185
0	3759	3287	3794	3380
0	3239	3389	3296	3440
0	3339	3389	3371	3428
0	4042	3390	4079	3430
0	4084	3371	4273	3441
0	3169	3457	3471	3526
0	3627	3458	3989	3526
0	4521	3627	4669	3695
0	3327	3712	3379	3769
0	4003	3713	4250	3782
0	4060	3818	4127	3868
0	3350	3968	3459	4024
0	2867	4440	2917	4496
0	3629	4460	3691	4512
0	3824	4524	4039	4598
0	3521	4614	3573	4669
0	4564	4633	4596	4671
0	3147	4693	3551	4766
0	3675	4699	3725	4755
0	4002	4718	4044	4768
0	2862	4782	2913	4837
0	4063	4784	4129	4852
0	4709	4802	4849	4852
0	3557	4868	3623	4936
0	3101	5036	3869	5106
0	3107	5195	4587	5285
0	3101	5374	3209	5440
0	3784	5376	3867	5443
0	3875	5541	3941	5607
0	4133	5541	4161	5596
0	3445	5620	3561	5677
0	3649	5638	3683	5678
0	3625	5705	3666	5761
0	4336	5708	4403	5774
0	4538	5708	4750	5762
0	3607	5792	3648	5848
0	3203	5878	3254	5932
0	4355	5880	4395	5936
0	4777	5881	4850	5935
0	3358	5965	3573	6020
0	4189	5968	4255	6035
0	3478	6052	3527	6106
0	3627	6052	3678	6106
0	4072	6054	4123	6108
0	3602	6128	3668	6192
0	4321	6158	4353	6193
0	4467	6158	4499	6192
0	4687	6139	4855	6206
0	2875	6223	3011	6276
0	3116	6240	3151	6278
0	3191	6222	3329	6288
0	3363	6223	3398	6278
0	3503	6233	3626	6279
0	3665	6224	3692	6278
0	3835	6243	3867	6279
0	4070	6214	4145	6280
0	4798	6243	4858	6292
0	3105	6385	3171	6450
0	3297	6414	3329	6450
0	3437	6386	3512	6450
0	4349	6416	4385	6453
0	4503	6398	4553	6453
0	4744	6415	4779	6452
